# distance = [
# [0, [293, 330, 237], [191, 195, 157], 0, 0, 0],
# [[293, 330, 237], 0, [228, 248, 152], [382, 306, 264], 0, [343, 355, 298]],
# [[191, 195, 157], [228, 248, 152], 0, [83, 103, 70], [224, 217, 186], 0],
# [0, [382, 306, 264], [83, 103, 70], 0, [161, 160, 97], [323, 354, 266]],
# [0, 0, [224, 217, 186], [161, 160, 97], 0, [204, 193, 160]],
# [0, [343, 355, 298], 0, [323, 354, 266], [204, 193, 160], 0]
# ]
# total_task = 100
# agencies = 8
# transport_modes = 3
# agency_cost = [[0.39, 1.5, 0.78],
#                [0.083, 1.45, 0.75],
#                [0.085, 1.4, 0.22],
#                [0.075, 1.43, 0.73],
#                [0.078, 1.47, 0.21],
#                [0.072, 1.47, 0.19],
#                [0.37, 1.51, 0.20],
#                [0.08, 1.48, 0.26]]
# agency_speed = [[80, 850, 250],
#                [35, 800, 250],
#                [35, 750, 80],
#                [35, 750, 250],
#                [35, 800, 80],
#                [35, 800, 80],
#                [80, 850, 80],
#                [35, 800, 80]]
# feasible_agencies_list =[[0, [1, 0, 1, 1, 1, 1, 1, 1, 1, 0, 0, 0, 1, 0, 1, 0, 1, 1, 1, 0, 1, 1, 1, 1], [0, 0, 1, 1, 1, 1, 1, 1, 1, 0, 0, 1, 1, 1, 0, 1, 1, 1, 0, 0, 0, 1, 1, 1], 0, 0, 0], [[1, 1, 1, 1, 1, 1, 1, 1, 1, 1, 1, 1, 1, 1, 1, 0, 1, 0, 0, 1, 1, 1, 0, 1], 0, [0, 1, 1, 0, 1, 1, 0, 0, 0, 0, 1, 1, 1, 0, 1, 1, 1, 1, 1, 1, 1, 1, 0, 1], [1, 1, 1, 1, 1, 1, 1, 0, 1, 0, 1, 1, 1, 0, 0, 1, 1, 1, 1, 1, 1, 1, 1, 1], 0, [1, 1, 1, 1, 1, 0, 0, 1, 1, 1, 0, 1, 1, 1, 1, 1, 1, 1, 1, 0, 0, 1, 1, 0]], [[0, 1, 1, 1, 1, 1, 0, 0, 0, 0, 1, 1, 0, 0, 1, 0, 1, 1, 1, 1, 1, 0, 1, 1], [1, 1, 1, 0, 1, 1, 0, 1, 1, 1, 1, 1, 1, 1, 1, 0, 1, 1, 1, 1, 1, 1, 1, 0], 0, [1, 1, 1, 1, 0, 1, 0, 1, 0, 1, 1, 1, 1, 1, 1, 1, 1, 0, 0, 1, 0, 1, 1, 1], [0, 0, 0, 1, 0, 1, 1, 0, 1, 1, 1, 1, 0, 0, 1, 1, 1, 1, 1, 1, 1, 1, 1, 1], 0], [0, [1, 1, 1, 0, 0, 0, 1, 1, 1, 1, 1, 1, 1, 0, 1, 1, 1, 0, 1, 1, 1, 1, 1, 1], [1, 0, 0, 0, 1, 0, 1, 1, 0, 1, 1, 1, 1, 1, 1, 1, 1, 0, 1, 1, 1, 1, 0, 1], 0, [0, 1, 1, 0, 1, 1, 1, 0, 1, 1, 1, 1, 1, 1, 1, 0, 1, 1, 1, 1, 1, 0, 0, 0], [1, 1, 0, 0, 0, 1, 0, 0, 0, 1, 1, 1, 1, 1, 1, 1, 1, 1, 1, 1, 0, 0, 1, 1]], [0, 0, [1, 1, 1, 1, 1, 0, 1, 1, 0, 0, 0, 0, 1, 1, 0, 1, 1, 1, 1, 1, 1, 1, 0, 1], [0, 0, 0, 1, 1, 1, 1, 1, 1, 1, 0, 0, 1, 0, 1, 1, 1, 1, 1, 1, 1, 1, 0, 1], 0, [1, 0, 1, 1, 0, 1, 1, 0, 1, 1, 1, 1, 0, 1, 1, 1, 1, 1, 1, 1, 1, 1, 0, 1]], [0, [1, 0, 1, 0, 0, 0, 0, 1, 1, 1, 1, 0, 1, 1, 1, 1, 0, 1, 0, 1, 1, 0, 1, 1], 0, [1, 1, 1, 1, 1, 1, 1, 1, 1, 1, 1, 1, 1, 1, 1, 0, 1, 1, 1, 1, 0, 1, 1, 1], [0, 0, 0, 0, 1, 1, 0, 0, 0, 0, 1, 0, 1, 1, 0, 0, 0, 0, 0, 0, 1, 0, 0, 1], 0]]
# warehouse_capacity =[[0, [94, 0, 112, 138, 126, 110, 147, 113, 131, 0, 0, 0, 145, 0, 135, 0, 147, 121, 148, 0, 109, 93, 140, 128], [0, 0, 136, 137, 114, 103, 97, 99, 133, 0, 0, 92, 146, 132, 0, 104, 125, 147, 0, 0, 0, 95, 143, 136], 0, 0, 0], [[116, 145, 113, 133, 132, 102, 118, 127, 123, 92, 102, 96, 112, 104, 140, 0, 111, 0, 0, 128, 90, 129, 0, 123], 0, [0, 129, 134, 0, 99, 117, 0, 0, 0, 0, 98, 105, 139, 0, 131, 139, 119, 106, 97, 127, 100, 111, 0, 131], [147, 140, 90, 121, 132, 114, 122, 0, 98, 0, 104, 132, 91, 0, 0, 141, 104, 144, 121, 106, 124, 138, 120, 100], 0, [136, 144, 143, 96, 115, 0, 0, 128, 124, 137, 0, 109, 109, 91, 138, 127, 142, 132, 141, 0, 0, 108, 137, 0]], [[0, 124, 104, 99, 108, 148, 0, 0, 0, 0, 113, 99, 0, 0, 116, 0, 132, 92, 143, 102, 95, 0, 149, 111], [133, 145, 114, 0, 101, 124, 0, 91, 126, 126, 125, 112, 107, 144, 100, 0, 124, 91, 142, 91, 112, 148, 120, 0], 0, [139, 130, 120, 132, 0, 149, 0, 109, 0, 143, 95, 117, 121, 141, 93, 138, 100, 0, 0, 145, 0, 148, 145, 111], [0, 0, 0, 111, 0, 109, 148, 0, 127, 133, 134, 146, 0, 0, 143, 100, 116, 124, 111, 126, 147, 111, 129, 121], 0], [0, [145, 122, 91, 0, 0, 0, 104, 115, 110, 90, 121, 125, 136, 0, 115, 103, 146, 0, 144, 137, 98, 99, 109, 132], [117, 0, 0, 0, 122, 0, 94, 118, 0, 97, 108, 90, 126, 143, 97, 138, 99, 0, 144, 95, 98, 131, 0, 104], 0, [0, 98, 90, 0, 132, 117, 135, 0, 111, 137, 98, 132, 135, 136, 129, 0, 95, 145, 90, 128, 121, 0, 0, 0], [124, 116, 0, 0, 0, 107, 0, 0, 0, 127, 103, 145, 105, 125, 94, 115, 143, 112, 92, 97, 0, 0, 121, 126]], [0, 0, [137, 98, 139, 116, 112, 0, 135, 114, 0, 0, 0, 0, 95, 143, 0, 138, 133, 129, 117, 113, 93, 92, 0, 106], [0, 0, 0, 95, 107, 104, 144, 99, 138, 96, 0, 0, 122, 0, 121, 126, 122, 130, 123, 100, 110, 135, 0, 108], 0, [104, 0, 133, 106, 0, 95, 119, 0, 143, 136, 102, 134, 0, 129, 111, 99, 94, 143, 98, 117, 148, 110, 0, 98]], [0, [103, 0, 136, 0, 0, 0, 0, 142, 142, 141, 118, 0, 121, 149, 138, 94, 0, 121, 0, 106, 109, 0, 119, 99], 0, [136, 149, 111, 132, 114, 93, 94, 95, 104, 120, 93, 121, 95, 93, 127, 0, 94, 110, 112, 99, 0, 93, 147, 91], [0, 0, 0, 0, 135, 118, 0, 0, 0, 0, 136, 0, 138, 124, 0, 0, 0, 0, 0, 0, 101, 0, 0, 91], 0]]
# Max_budget = 10000*2