0
[0, 0, 116, 127, 91, 118, 110, 144, 116, 0, 135, 100, 120, 105, 139, 0, 133, 118, 136, 138, 121, 147, 123, 99]
0
[108, 130, 100, 0, 126, 0, 130, 144, 130, 123, 94, 102, 0, 0, 0, 0, 0, 0, 0, 113, 133, 0, 0, 114]
[105, 119, 112, 146, 130, 148, 0, 0, 0, 95, 92, 101, 101, 0, 144, 92, 142, 0, 107, 96, 97, 121, 97, 90]
[145, 124, 147, 0, 121, 149, 97, 92, 114, 91, 124, 142, 110, 141, 95, 111, 148, 0, 144, 0, 145, 128, 0, 149]
[135, 139, 98, 0, 0, 0, 94, 132, 0, 95, 138, 119, 131, 122, 101, 0, 110, 96, 149, 0, 133, 125, 118, 136]
[0, 0, 0, 118, 141, 0, 116, 0, 106, 138, 134, 130, 116, 0, 0, 0, 0, 0, 0, 0, 133, 136, 126, 98]
[0, 108, 100, 99, 149, 129, 144, 105, 118, 148, 117, 0, 137, 146, 127, 0, 148, 136, 138, 137, 0, 95, 120, 144]
[138, 122, 0, 143, 0, 114, 132, 0, 106, 0, 119, 142, 0, 127, 129, 148, 102, 124, 101, 100, 143, 134, 101, 0]
0
[0, 0, 116, 139, 0, 127, 0, 0, 0, 122, 0, 117, 123, 0, 118, 0, 0, 0, 139, 0, 133, 142, 105, 133]
0
[0, 0, 0, 149, 144, 124, 131, 130, 0, 112, 110, 100, 120, 120, 0, 0, 0, 0, 123, 143, 138, 140, 135, 144]
0
[119, 110, 148, 148, 107, 105, 91, 0, 101, 132, 114, 140, 141, 134, 0, 138, 99, 0, 142, 92, 115, 104, 98, 96]
[109, 113, 141, 0, 104, 107, 99, 132, 136, 142, 131, 0, 131, 91, 0, 99, 0, 96, 140, 92, 127, 131, 146, 139]
[93, 98, 100, 111, 0, 100, 0, 102, 95, 0, 0, 0, 104, 121, 0, 100, 129, 135, 0, 90, 0, 128, 142, 119]
[93, 140, 137, 0, 0, 0, 0, 113, 123, 0, 122, 123, 115, 107, 126, 109, 114, 140, 90, 99, 0, 0, 103, 126]
0
0
0
0
0
0
0
0
0
0
0
[0, 0, 0, 0, 118, 143, 145, 122, 149, 107, 142, 0, 106, 129, 125, 0, 115, 0, 126, 136, 117, 112, 105, 147]
0
[0, 0, 0, 112, 101, 122, 126, 114, 0, 93, 135, 142, 129, 93, 116, 146, 139, 148, 92, 94, 90, 0, 0, 0]
[128, 0, 125, 0, 0, 0, 95, 104, 146, 0, 97, 139, 133, 0, 0, 0, 120, 129, 0, 0, 0, 131, 0, 113]
0
0
0
[121, 132, 127, 146, 0, 112, 136, 0, 138, 0, 146, 147, 148, 90, 97, 137, 147, 123, 0, 139, 95, 0, 0, 0]
[99, 127, 119, 94, 102, 0, 0, 0, 0, 103, 110, 149, 116, 139, 129, 108, 103, 147, 0, 0, 0, 117, 90, 131]
[129, 93, 138, 128, 0, 126, 111, 131, 112, 129, 132, 90, 94, 0, 96, 141, 146, 91, 133, 99, 139, 98, 0, 0]
[0, 0, 144, 0, 0, 0, 128, 0, 146, 0, 90, 103, 117, 122, 102, 104, 113, 101, 123, 97, 96, 0, 98, 145]
0
0
0
0
[130, 124, 0, 143, 105, 103, 98, 126, 0, 132, 108, 119, 133, 0, 127, 0, 0, 0, 104, 96, 119, 0, 116, 105]
[92, 112, 116, 0, 116, 109, 101, 136, 137, 0, 139, 0, 140, 132, 142, 0, 0, 0, 130, 118, 100, 111, 121, 127]
0
[121, 130, 94, 102, 0, 148, 0, 93, 0, 102, 135, 0, 124, 130, 0, 126, 121, 115, 0, 0, 0, 148, 147, 146]
[92, 0, 147, 141, 97, 0, 0, 99, 0, 0, 0, 0, 0, 0, 0, 94, 134, 114, 117, 134, 0, 91, 100, 0]
0
0
0
0
0
0
0
0
0
0
0
[115, 90, 143, 115, 0, 149, 131, 149, 0, 142, 117, 128, 0, 120, 105, 0, 115, 0, 0, 0, 0, 114, 134, 104]
0
[149, 136, 119, 99, 93, 109, 0, 0, 0, 0, 113, 134, 0, 0, 0, 114, 105, 0, 94, 0, 124, 145, 132, 90]
[139, 101, 116, 137, 101, 109, 134, 93, 139, 0, 131, 127, 142, 113, 143, 101, 118, 0, 136, 114, 100, 136, 101, 148]
0
[121, 100, 132, 115, 136, 0, 139, 0, 145, 127, 104, 0, 0, 126, 101, 0, 146, 109, 0, 91, 130, 93, 130, 0]
[0, 0, 0, 0, 0, 0, 134, 105, 106, 104, 128, 147, 145, 107, 129, 92, 144, 0, 0, 108, 0, 141, 101, 111]
[124, 149, 141, 137, 119, 115, 0, 0, 0, 138, 0, 0, 0, 0, 0, 0, 114, 149, 131, 109, 0, 117, 119, 148]
[97, 92, 133, 137, 0, 0, 101, 91, 91, 0, 140, 100, 0, 0, 0, 142, 92, 121, 113, 0, 148, 0, 0, 0]
[116, 112, 109, 114, 103, 143, 0, 134, 99, 0, 0, 0, 98, 99, 103, 0, 0, 0, 144, 90, 0, 99, 93, 112]
[123, 130, 0, 127, 95, 0, 0, 0, 0, 117, 138, 130, 134, 106, 122, 98, 131, 109, 0, 149, 0, 128, 108, 140]
0
[128, 139, 0, 112, 119, 0, 105, 93, 142, 127, 0, 0, 106, 0, 0, 133, 0, 103, 109, 94, 0, 108, 0, 136]
[126, 96, 104, 0, 138, 0, 113, 141, 0, 149, 105, 149, 128, 133, 106, 0, 131, 126, 121, 104, 136, 96, 135, 92]
[0, 0, 131, 0, 133, 0, 120, 110, 0, 0, 95, 121, 0, 129, 144, 0, 0, 0, 134, 103, 142, 111, 94, 94]
0
[144, 114, 125, 130, 121, 97, 126, 90, 115, 144, 137, 103, 0, 0, 0, 0, 0, 0, 105, 0, 116, 93, 122, 148]
[108, 97, 147, 0, 104, 119, 113, 127, 99, 107, 99, 136, 100, 113, 116, 138, 90, 125, 124, 133, 103, 96, 146, 143]
[104, 92, 95, 0, 129, 108, 133, 116, 137, 148, 0, 113, 114, 101, 115, 138, 91, 139, 118, 134, 122, 113, 129, 127]
[136, 116, 138, 94, 135, 140, 115, 149, 125, 127, 0, 119, 131, 127, 118, 0, 119, 140, 119, 98, 145, 123, 98, 95]
0
0
0
0
0
0
0
0
0
[138, 106, 0, 140, 139, 125, 0, 96, 97, 134, 0, 0, 137, 117, 91, 105, 108, 140, 0, 0, 0, 97, 122, 115]
[0, 132, 107, 126, 125, 123, 96, 94, 103, 109, 132, 109, 91, 0, 105, 107, 139, 143, 0, 122, 0, 103, 147, 105]
[139, 119, 127, 137, 96, 106, 0, 110, 123, 139, 0, 0, 111, 93, 147, 97, 144, 0, 0, 0, 0, 118, 147, 102]
0
[102, 121, 112, 95, 107, 127, 0, 126, 91, 0, 0, 0, 107, 117, 112, 94, 0, 102, 129, 127, 144, 115, 143, 146]
[0, 0, 0, 149, 0, 106, 111, 130, 0, 147, 0, 147, 96, 122, 0, 136, 93, 111, 116, 128, 121, 0, 0, 147]
[122, 119, 126, 116, 124, 117, 0, 102, 115, 0, 0, 0, 144, 0, 112, 0, 0, 0, 117, 108, 0, 137, 108, 127]
[103, 0, 128, 0, 122, 142, 0, 109, 0, 147, 119, 0, 0, 144, 121, 147, 0, 110, 104, 93, 0, 139, 103, 0]
[145, 145, 147, 128, 149, 106, 97, 119, 0, 0, 130, 0, 93, 104, 149, 0, 0, 0, 0, 113, 117, 134, 116, 92]
[131, 119, 111, 132, 113, 0, 0, 135, 147, 116, 0, 0, 0, 107, 102, 126, 115, 110, 109, 115, 117, 112, 0, 106]
[107, 0, 148, 127, 125, 118, 0, 0, 0, 145, 0, 130, 98, 118, 97, 0, 0, 0, 0, 0, 0, 126, 137, 115]
[0, 0, 0, 91, 0, 148, 0, 129, 144, 116, 125, 0, 143, 101, 118, 92, 135, 0, 90, 125, 116, 0, 113, 100]
0
[0, 130, 129, 123, 0, 118, 136, 92, 136, 118, 118, 118, 114, 106, 0, 110, 0, 103, 130, 109, 116, 137, 93, 114]
[113, 93, 137, 137, 106, 111, 131, 135, 115, 99, 132, 0, 130, 144, 0, 145, 104, 0, 92, 95, 126, 106, 119, 103]
[122, 135, 139, 108, 0, 147, 0, 0, 0, 136, 91, 132, 0, 0, 0, 0, 135, 93, 142, 114, 122, 121, 137, 146]
[129, 148, 147, 132, 125, 0, 98, 0, 137, 101, 138, 117, 0, 123, 110, 116, 96, 115, 124, 93, 113, 0, 0, 142]
[98, 98, 96, 123, 119, 125, 97, 142, 126, 0, 0, 106, 106, 138, 117, 139, 111, 110, 134, 95, 108, 0, 126, 0]
[93, 148, 0, 0, 0, 0, 0, 122, 140, 135, 95, 135, 0, 106, 0, 133, 114, 122, 0, 130, 111, 0, 0, 0]
0
[0, 113, 94, 113, 98, 137, 93, 100, 0, 117, 0, 127, 0, 0, 103, 112, 105, 108, 98, 0, 122, 101, 0, 107]
[124, 142, 148, 134, 147, 123, 0, 0, 116, 0, 0, 135, 0, 118, 0, 129, 0, 0, 110, 0, 145, 0, 117, 146]
0
0
0
0
0
0
0
0
[91, 112, 129, 97, 118, 125, 117, 97, 119, 144, 133, 125, 131, 101, 105, 139, 0, 143, 129, 139, 136, 0, 149, 97]
0
[135, 113, 122, 0, 0, 0, 0, 0, 0, 0, 0, 132, 0, 0, 115, 130, 125, 140, 0, 0, 0, 97, 143, 0]
[0, 0, 144, 118, 141, 127, 118, 135, 139, 131, 90, 130, 96, 93, 127, 0, 142, 132, 126, 142, 112, 93, 103, 144]
0
[149, 128, 110, 138, 132, 131, 0, 121, 118, 0, 140, 0, 132, 126, 99, 105, 96, 0, 146, 106, 92, 106, 147, 146]
0
[93, 0, 95, 147, 137, 107, 0, 99, 146, 0, 0, 0, 148, 115, 136, 141, 112, 102, 104, 100, 0, 145, 99, 91]
[0, 106, 0, 119, 101, 0, 142, 114, 109, 99, 0, 98, 0, 0, 0, 121, 132, 145, 0, 0, 0, 98, 104, 0]
[139, 141, 101, 0, 0, 0, 124, 0, 0, 95, 127, 0, 108, 100, 123, 0, 108, 120, 0, 146, 0, 0, 0, 0]
[100, 97, 0, 134, 131, 127, 127, 137, 130, 105, 93, 148, 132, 0, 97, 91, 113, 99, 105, 132, 0, 0, 0, 0]
0
[95, 149, 141, 131, 132, 138, 105, 0, 115, 0, 0, 0, 107, 110, 124, 122, 127, 98, 105, 0, 111, 0, 0, 0]
[120, 145, 99, 0, 144, 0, 149, 117, 146, 94, 0, 102, 0, 0, 0, 0, 0, 0, 122, 0, 145, 115, 112, 113]
0
[145, 0, 110, 98, 0, 146, 0, 141, 127, 0, 0, 0, 90, 92, 102, 124, 132, 106, 111, 99, 0, 0, 113, 126]
[0, 111, 95, 139, 148, 133, 116, 0, 0, 0, 125, 90, 0, 133, 148, 98, 0, 121, 0, 115, 148, 131, 108, 0]
[0, 122, 125, 105, 142, 104, 0, 0, 0, 0, 0, 0, 112, 117, 114, 0, 139, 102, 90, 110, 105, 144, 121, 131]
[111, 143, 146, 0, 0, 0, 0, 0, 0, 142, 101, 0, 112, 104, 118, 106, 93, 118, 121, 134, 0, 99, 0, 130]
0
[137, 100, 120, 140, 123, 106, 97, 112, 148, 130, 0, 0, 96, 0, 137, 114, 129, 0, 124, 0, 106, 101, 140, 139]
[0, 0, 0, 140, 135, 122, 0, 140, 126, 103, 0, 130, 0, 0, 0, 122, 113, 108, 117, 0, 98, 100, 111, 0]
[104, 132, 0, 110, 116, 133, 0, 0, 0, 139, 0, 0, 108, 132, 123, 125, 123, 145, 0, 0, 0, 92, 110, 90]
0
0
0
0
0
0
0
[119, 0, 0, 119, 116, 0, 108, 106, 146, 146, 109, 0, 96, 0, 126, 0, 0, 0, 0, 0, 111, 0, 0, 0]
0
0
[116, 120, 141, 102, 128, 0, 0, 105, 135, 0, 0, 0, 99, 0, 0, 0, 140, 0, 133, 0, 0, 114, 90, 0]
[112, 120, 117, 90, 120, 102, 95, 127, 147, 136, 139, 114, 120, 90, 139, 123, 100, 97, 0, 0, 0, 96, 112, 95]
0
[90, 123, 0, 0, 0, 0, 117, 124, 0, 0, 102, 103, 137, 98, 146, 112, 0, 0, 0, 95, 0, 130, 110, 0]
[0, 138, 105, 94, 109, 127, 147, 109, 117, 0, 0, 0, 119, 107, 136, 120, 147, 125, 147, 129, 105, 105, 0, 98]
[149, 0, 119, 0, 121, 0, 97, 139, 0, 0, 0, 0, 0, 0, 0, 139, 92, 141, 128, 99, 147, 112, 0, 119]
[118, 98, 124, 127, 132, 133, 90, 100, 0, 143, 144, 127, 112, 122, 0, 135, 132, 121, 111, 120, 100, 135, 149, 147]
[111, 103, 141, 131, 90, 0, 0, 103, 113, 0, 0, 0, 137, 134, 149, 127, 128, 134, 103, 104, 0, 0, 0, 0]
0
[99, 145, 0, 0, 0, 0, 100, 98, 106, 130, 140, 0, 101, 0, 110, 136, 127, 125, 95, 93, 127, 126, 0, 101]
[131, 148, 104, 93, 112, 128, 118, 141, 105, 0, 116, 95, 142, 106, 95, 91, 142, 138, 110, 98, 132, 107, 0, 97]
[93, 0, 108, 98, 121, 110, 0, 0, 0, 133, 0, 120, 0, 131, 134, 0, 95, 122, 0, 0, 115, 111, 126, 123]
[126, 143, 0, 106, 126, 141, 146, 92, 0, 112, 117, 99, 109, 139, 139, 116, 0, 98, 0, 0, 127, 109, 132, 0]
[115, 0, 111, 0, 0, 0, 128, 0, 148, 106, 138, 91, 106, 137, 116, 118, 143, 130, 131, 126, 118, 135, 144, 96]
[142, 117, 0, 0, 0, 0, 120, 110, 110, 125, 135, 93, 114, 120, 0, 140, 145, 126, 143, 100, 115, 148, 108, 145]
[0, 109, 108, 0, 0, 0, 142, 146, 0, 141, 108, 108, 105, 107, 133, 146, 129, 90, 0, 0, 0, 121, 114, 112]
[123, 96, 123, 124, 119, 129, 0, 129, 140, 0, 0, 0, 137, 123, 127, 129, 148, 115, 139, 142, 90, 119, 126, 92]
[132, 0, 116, 141, 96, 134, 0, 115, 108, 122, 119, 101, 0, 134, 93, 127, 90, 141, 0, 124, 127, 143, 116, 147]
[125, 0, 143, 139, 0, 140, 0, 106, 122, 133, 146, 116, 100, 0, 114, 105, 128, 0, 90, 92, 0, 103, 119, 129]
[0, 123, 0, 0, 129, 129, 130, 113, 115, 130, 119, 147, 0, 141, 90, 126, 0, 147, 125, 137, 141, 0, 0, 0]
[130, 105, 98, 147, 117, 106, 110, 113, 0, 0, 131, 0, 0, 129, 0, 149, 142, 0, 99, 0, 95, 118, 0, 144]
0
0
0
0
0
0
[136, 116, 135, 105, 0, 123, 141, 145, 0, 0, 138, 118, 0, 0, 102, 110, 126, 136, 97, 95, 128, 133, 122, 103]
0
[98, 141, 0, 137, 146, 106, 134, 96, 119, 127, 107, 103, 121, 102, 0, 142, 95, 146, 101, 104, 107, 99, 137, 127]
[91, 101, 0, 133, 0, 106, 144, 98, 127, 100, 98, 98, 0, 0, 0, 118, 91, 135, 113, 104, 127, 0, 0, 0]
0
[94, 0, 91, 106, 129, 95, 97, 124, 145, 0, 0, 0, 0, 0, 0, 133, 126, 142, 0, 142, 106, 0, 0, 0]
0
[126, 144, 149, 98, 129, 104, 93, 114, 120, 116, 141, 101, 141, 127, 116, 120, 97, 129, 121, 131, 0, 147, 120, 0]
[139, 102, 122, 0, 0, 0, 0, 0, 0, 105, 120, 121, 107, 118, 101, 124, 0, 138, 107, 119, 0, 127, 0, 114]
[0, 136, 117, 98, 121, 123, 0, 0, 0, 120, 132, 0, 127, 105, 125, 99, 140, 95, 0, 0, 111, 146, 149, 143]
[109, 108, 93, 146, 0, 147, 125, 139, 109, 119, 130, 115, 118, 137, 138, 0, 0, 0, 0, 0, 0, 125, 118, 138]
[0, 0, 0, 96, 148, 114, 140, 142, 95, 90, 102, 105, 97, 0, 127, 0, 99, 0, 99, 117, 100, 132, 146, 113]
[139, 120, 123, 91, 146, 145, 0, 99, 136, 133, 139, 146, 113, 143, 149, 0, 0, 0, 125, 123, 143, 107, 0, 145]
[104, 0, 98, 99, 134, 140, 0, 132, 0, 0, 119, 118, 0, 131, 130, 0, 0, 0, 123, 0, 108, 114, 118, 0]
0
[0, 149, 106, 126, 97, 138, 0, 110, 0, 141, 98, 0, 0, 133, 149, 0, 0, 0, 0, 0, 0, 105, 0, 94]
[136, 110, 93, 0, 144, 0, 0, 113, 0, 124, 0, 94, 0, 0, 0, 0, 0, 0, 129, 120, 92, 126, 136, 99]
0
[0, 124, 96, 135, 119, 129, 142, 0, 146, 0, 103, 99, 137, 123, 126, 114, 130, 0, 113, 139, 111, 0, 147, 138]
[133, 113, 90, 0, 0, 97, 112, 93, 0, 132, 98, 0, 116, 101, 144, 122, 112, 94, 0, 0, 0, 91, 116, 129]
[125, 0, 140, 145, 0, 112, 139, 130, 111, 0, 110, 112, 138, 146, 113, 100, 109, 136, 0, 119, 0, 149, 96, 122]
[146, 147, 90, 103, 97, 123, 124, 94, 0, 0, 0, 0, 144, 94, 92, 0, 127, 135, 147, 106, 123, 100, 0, 0]
[118, 90, 0, 134, 139, 115, 138, 126, 145, 90, 0, 103, 0, 0, 0, 147, 140, 105, 115, 143, 116, 141, 0, 0]
0
[0, 108, 141, 110, 119, 0, 124, 0, 127, 0, 148, 149, 105, 94, 141, 0, 0, 0, 113, 129, 0, 146, 120, 115]
0
0
0
0
0
[100, 103, 110, 0, 0, 0, 0, 0, 0, 149, 114, 142, 147, 102, 90, 90, 127, 139, 0, 143, 0, 0, 0, 132]
[0, 127, 0, 121, 103, 109, 130, 0, 130, 0, 144, 149, 0, 0, 0, 0, 145, 111, 100, 121, 0, 0, 0, 0]
[0, 0, 0, 0, 130, 97, 122, 129, 114, 122, 0, 128, 0, 0, 0, 114, 143, 146, 93, 115, 112, 91, 140, 135]
[119, 0, 92, 112, 0, 94, 141, 133, 0, 143, 97, 0, 134, 133, 134, 0, 93, 132, 0, 101, 133, 115, 127, 0]
[0, 0, 0, 149, 124, 92, 90, 0, 141, 107, 0, 147, 109, 118, 127, 0, 116, 119, 0, 140, 0, 0, 0, 0]
[126, 112, 97, 92, 131, 142, 0, 116, 0, 132, 137, 102, 146, 136, 90, 0, 127, 0, 91, 107, 96, 110, 0, 127]
[99, 104, 139, 0, 111, 108, 142, 121, 0, 0, 137, 145, 130, 146, 144, 97, 94, 0, 109, 127, 93, 112, 143, 99]
0
[133, 149, 147, 122, 102, 145, 95, 149, 0, 109, 93, 133, 139, 134, 129, 141, 124, 0, 0, 0, 137, 140, 90, 92]
[125, 118, 142, 112, 0, 92, 140, 147, 108, 110, 113, 139, 104, 0, 0, 106, 128, 0, 136, 116, 0, 0, 120, 0]
[0, 143, 0, 0, 116, 106, 0, 0, 0, 0, 0, 0, 98, 94, 113, 0, 101, 124, 138, 120, 141, 98, 124, 128]
[138, 91, 125, 0, 101, 122, 126, 121, 123, 106, 107, 0, 0, 102, 140, 92, 0, 110, 0, 0, 0, 125, 138, 137]
[118, 0, 95, 96, 0, 116, 0, 122, 118, 137, 0, 145, 134, 148, 0, 0, 0, 0, 137, 0, 97, 0, 104, 0]
[119, 105, 118, 122, 112, 0, 0, 97, 143, 0, 0, 125, 115, 146, 97, 94, 111, 0, 111, 0, 98, 134, 145, 94]
0
[138, 112, 0, 96, 147, 136, 0, 127, 129, 106, 133, 106, 0, 141, 127, 144, 134, 90, 144, 95, 144, 107, 143, 145]
[99, 94, 95, 0, 0, 0, 105, 123, 149, 134, 133, 0, 128, 105, 104, 104, 0, 142, 144, 102, 108, 0, 0, 0]
[145, 0, 100, 123, 100, 149, 0, 0, 0, 144, 119, 103, 0, 0, 0, 143, 130, 123, 107, 128, 147, 124, 114, 0]
0
[103, 112, 0, 105, 0, 146, 144, 0, 136, 0, 0, 0, 124, 149, 112, 111, 113, 124, 0, 0, 0, 124, 0, 90]
[100, 0, 0, 133, 100, 120, 0, 0, 0, 108, 104, 145, 100, 94, 106, 0, 103, 0, 97, 0, 104, 90, 0, 107]
[140, 104, 141, 136, 0, 136, 126, 125, 129, 122, 116, 0, 0, 134, 0, 145, 113, 138, 101, 140, 0, 116, 95, 93]
[94, 149, 103, 111, 140, 0, 0, 118, 122, 95, 138, 0, 131, 133, 0, 0, 94, 0, 0, 0, 0, 136, 0, 125]
[129, 118, 98, 121, 97, 117, 90, 130, 0, 125, 115, 0, 114, 112, 112, 138, 124, 127, 91, 98, 129, 107, 126, 145]
[107, 141, 134, 103, 144, 0, 129, 149, 138, 0, 0, 0, 142, 108, 98, 92, 98, 141, 100, 135, 0, 129, 91, 110]
[0, 143, 121, 0, 0, 0, 104, 0, 139, 118, 0, 0, 142, 132, 119, 148, 96, 107, 93, 124, 132, 100, 115, 0]
0
0
0
0
[131, 128, 106, 116, 96, 0, 0, 0, 0, 90, 90, 0, 130, 149, 0, 102, 144, 111, 101, 128, 129, 113, 126, 91]
[91, 95, 143, 100, 0, 146, 134, 134, 123, 113, 118, 148, 105, 128, 103, 142, 0, 125, 93, 0, 92, 0, 126, 120]
[0, 112, 0, 0, 91, 103, 124, 115, 117, 144, 0, 109, 0, 0, 0, 100, 0, 104, 134, 93, 107, 0, 113, 108]
[0, 0, 0, 112, 103, 0, 92, 140, 128, 0, 141, 117, 131, 134, 129, 109, 0, 91, 149, 97, 102, 99, 0, 113]
[0, 94, 118, 0, 120, 110, 145, 123, 106, 113, 0, 116, 0, 100, 95, 115, 0, 126, 0, 0, 0, 133, 109, 93]
[137, 91, 131, 0, 128, 141, 0, 0, 0, 131, 139, 137, 143, 142, 105, 109, 139, 147, 124, 115, 140, 132, 144, 137]
[127, 123, 124, 102, 131, 143, 0, 129, 142, 135, 0, 129, 0, 0, 0, 120, 0, 107, 0, 116, 112, 90, 0, 128]
[99, 96, 0, 124, 0, 113, 99, 95, 145, 141, 126, 108, 139, 104, 125, 128, 140, 141, 136, 138, 91, 134, 0, 128]
0
[149, 128, 0, 111, 0, 0, 101, 136, 118, 0, 141, 110, 136, 130, 142, 100, 0, 127, 118, 0, 134, 109, 127, 143]
[139, 114, 128, 0, 0, 95, 145, 0, 0, 99, 134, 136, 109, 97, 104, 142, 0, 0, 0, 104, 139, 117, 129, 142]
[0, 0, 0, 0, 0, 0, 124, 0, 0, 101, 127, 115, 96, 118, 104, 131, 126, 112, 135, 132, 0, 130, 98, 0]
[121, 105, 104, 0, 0, 0, 111, 122, 130, 128, 132, 149, 0, 124, 90, 121, 0, 119, 122, 120, 120, 0, 0, 0]
0
[104, 117, 108, 108, 131, 0, 0, 97, 0, 117, 127, 0, 102, 139, 103, 94, 133, 107, 94, 135, 132, 140, 110, 0]
[124, 0, 146, 0, 111, 0, 0, 108, 102, 120, 120, 144, 0, 0, 0, 90, 123, 94, 132, 125, 119, 120, 90, 148]
[0, 0, 0, 127, 98, 0, 142, 95, 118, 115, 138, 99, 100, 142, 98, 93, 128, 99, 0, 144, 146, 114, 126, 132]
[94, 142, 0, 125, 124, 0, 0, 0, 0, 108, 149, 145, 138, 121, 99, 106, 94, 91, 135, 0, 90, 0, 0, 0]
0
[125, 134, 125, 90, 143, 0, 0, 0, 0, 113, 136, 0, 148, 90, 142, 117, 112, 117, 137, 0, 105, 0, 129, 0]
0
0
[134, 142, 109, 113, 91, 116, 133, 148, 143, 145, 107, 123, 137, 128, 115, 0, 0, 0, 94, 0, 137, 127, 144, 104]
[0, 143, 0, 0, 149, 94, 141, 119, 105, 135, 0, 149, 134, 148, 106, 98, 0, 0, 122, 0, 109, 0, 0, 144]
0
[128, 0, 141, 134, 134, 0, 0, 138, 141, 94, 0, 130, 0, 134, 99, 132, 107, 106, 0, 0, 0, 145, 128, 110]
[138, 0, 0, 132, 103, 102, 146, 125, 99, 0, 143, 139, 142, 0, 125, 0, 0, 0, 0, 0, 109, 124, 126, 95]
0
0
0
[108, 144, 137, 105, 117, 117, 135, 98, 0, 120, 140, 138, 114, 135, 131, 105, 0, 101, 131, 0, 0, 134, 124, 0]
[134, 95, 111, 104, 95, 149, 94, 103, 107, 137, 0, 123, 0, 0, 0, 0, 144, 143, 132, 102, 126, 123, 92, 113]
[148, 0, 110, 125, 107, 94, 112, 111, 133, 0, 0, 96, 134, 141, 147, 126, 98, 142, 136, 93, 143, 105, 105, 0]
[138, 120, 133, 0, 122, 148, 136, 102, 133, 134, 106, 141, 101, 0, 123, 0, 116, 0, 149, 107, 98, 103, 0, 146]
[94, 97, 99, 116, 103, 126, 0, 107, 142, 143, 0, 122, 114, 135, 0, 0, 148, 143, 116, 119, 91, 137, 123, 0]
[132, 124, 126, 0, 138, 126, 108, 141, 121, 0, 114, 105, 0, 109, 135, 108, 0, 115, 100, 146, 95, 134, 0, 91]
[98, 138, 140, 118, 0, 140, 140, 91, 138, 147, 134, 107, 105, 114, 124, 0, 0, 126, 92, 130, 103, 128, 91, 132]
[0, 0, 0, 147, 148, 101, 132, 138, 0, 0, 124, 0, 113, 0, 0, 91, 146, 0, 102, 113, 0, 107, 119, 123]
[0, 0, 0, 140, 0, 0, 97, 95, 94, 116, 0, 92, 138, 133, 114, 0, 96, 143, 91, 106, 144, 118, 105, 149]
0
[103, 91, 113, 94, 130, 140, 106, 0, 122, 136, 103, 132, 0, 110, 113, 0, 0, 0, 98, 117, 109, 0, 123, 93]
[108, 114, 145, 0, 0, 0, 124, 97, 143, 0, 0, 0, 0, 92, 132, 137, 90, 131, 131, 0, 146, 94, 112, 97]
[0, 107, 0, 126, 106, 122, 123, 145, 119, 143, 130, 133, 91, 135, 104, 0, 93, 124, 148, 140, 143, 147, 0, 102]
[128, 123, 147, 0, 0, 131, 0, 0, 0, 126, 123, 136, 98, 110, 0, 147, 146, 92, 116, 130, 120, 123, 149, 105]
[129, 128, 123, 0, 0, 0, 102, 117, 142, 0, 106, 97, 0, 142, 128, 0, 0, 0, 121, 96, 119, 145, 136, 0]
0
0
[115, 124, 115, 0, 125, 126, 0, 0, 0, 0, 145, 0, 117, 91, 100, 129, 0, 125, 0, 133, 146, 109, 148, 94]
[0, 132, 146, 105, 99, 148, 147, 123, 117, 102, 112, 90, 0, 0, 96, 132, 101, 113, 137, 148, 107, 142, 141, 120]
[108, 144, 134, 115, 0, 143, 0, 0, 140, 0, 0, 0, 142, 104, 142, 0, 101, 127, 0, 0, 133, 135, 99, 118]
[93, 107, 101, 127, 106, 138, 102, 0, 130, 0, 111, 137, 112, 0, 91, 105, 102, 111, 126, 121, 104, 96, 117, 0]
[132, 96, 0, 113, 100, 0, 0, 0, 0, 0, 105, 141, 130, 0, 133, 0, 0, 0, 124, 0, 0, 117, 0, 144]
0
[0, 0, 0, 101, 121, 133, 0, 0, 140, 117, 0, 0, 139, 145, 93, 148, 126, 100, 0, 127, 113, 0, 0, 0]
[105, 126, 115, 127, 126, 148, 0, 134, 136, 112, 111, 99, 142, 112, 0, 122, 92, 92, 0, 113, 0, 143, 127, 104]
[101, 144, 93, 0, 130, 0, 132, 141, 0, 0, 0, 0, 120, 140, 140, 93, 126, 113, 0, 0, 0, 0, 125, 0]
[149, 0, 114, 107, 144, 107, 109, 0, 0, 116, 94, 138, 148, 136, 103, 0, 90, 0, 149, 95, 119, 122, 102, 113]
[134, 143, 0, 136, 136, 137, 102, 146, 0, 0, 0, 0, 127, 119, 134, 114, 124, 0, 0, 96, 101, 120, 120, 0]
0
0
0
[106, 138, 107, 121, 114, 147, 134, 114, 118, 0, 136, 125, 0, 0, 0, 94, 96, 97, 0, 101, 118, 0, 0, 0]
[115, 137, 149, 114, 0, 109, 103, 0, 149, 101, 123, 0, 95, 0, 126, 130, 99, 136, 109, 147, 130, 140, 0, 149]
[123, 97, 144, 137, 99, 148, 98, 115, 118, 0, 0, 0, 93, 106, 136, 0, 0, 107, 0, 0, 0, 99, 147, 131]
[120, 0, 116, 148, 99, 110, 104, 113, 133, 123, 126, 106, 130, 92, 143, 134, 95, 126, 147, 142, 102, 109, 129, 125]
[131, 148, 91, 0, 148, 0, 116, 106, 148, 133, 91, 127, 90, 135, 119, 0, 0, 0, 93, 94, 94, 0, 0, 0]
[127, 124, 91, 111, 0, 136, 126, 0, 134, 0, 131, 105, 140, 136, 115, 0, 0, 0, 149, 133, 0, 100, 90, 136]
[142, 0, 110, 131, 92, 0, 0, 0, 0, 112, 147, 0, 0, 0, 0, 0, 109, 99, 98, 0, 137, 114, 0, 137]
[105, 120, 0, 0, 0, 0, 149, 93, 148, 133, 124, 105, 0, 0, 0, 140, 105, 94, 131, 98, 148, 140, 126, 0]
[121, 141, 0, 135, 136, 130, 0, 0, 0, 122, 128, 137, 147, 140, 0, 149, 114, 146, 128, 148, 124, 0, 0, 0]
0
[97, 122, 0, 104, 105, 0, 140, 0, 0, 0, 104, 146, 0, 0, 0, 0, 101, 139, 0, 129, 138, 111, 136, 146]
0
[136, 120, 0, 138, 0, 95, 108, 91, 106, 120, 0, 0, 96, 105, 105, 107, 0, 106, 125, 140, 113, 105, 96, 102]
0
[108, 139, 97, 0, 0, 0, 0, 137, 121, 126, 0, 109, 0, 0, 0, 122, 144, 0, 0, 99, 0, 0, 144, 126]
0
[95, 132, 107, 92, 0, 99, 0, 0, 0, 117, 144, 129, 141, 127, 123, 95, 99, 90, 0, 0, 0, 0, 135, 0]
[0, 0, 0, 119, 0, 90, 99, 112, 144, 135, 136, 131, 126, 0, 0, 113, 121, 101, 107, 0, 96, 0, 0, 0]
[115, 90, 145, 132, 140, 140, 0, 101, 0, 137, 0, 0, 114, 101, 0, 0, 0, 0, 0, 114, 118, 107, 102, 122]
[100, 0, 111, 0, 0, 120, 0, 0, 0, 131, 101, 142, 0, 0, 0, 115, 141, 149, 97, 134, 110, 96, 107, 101]
[99, 102, 105, 92, 127, 91, 124, 115, 129, 0, 0, 0, 0, 108, 90, 143, 91, 143, 130, 146, 115, 0, 0, 0]
[0, 105, 101, 98, 132, 0, 119, 132, 145, 128, 131, 110, 0, 0, 0, 98, 0, 119, 146, 0, 0, 0, 0, 0]
[0, 143, 132, 0, 103, 103, 0, 132, 94, 95, 120, 124, 0, 120, 112, 128, 133, 93, 0, 123, 112, 120, 0, 124]
[108, 119, 132, 149, 115, 0, 105, 138, 148, 0, 0, 0, 99, 119, 125, 148, 103, 104, 0, 0, 0, 104, 103, 118]
[0, 0, 0, 126, 147, 119, 98, 93, 0, 120, 113, 126, 133, 115, 108, 118, 133, 136, 101, 103, 125, 115, 134, 93]
0
[0, 93, 0, 133, 108, 0, 148, 105, 125, 92, 142, 130, 0, 0, 0, 114, 138, 133, 100, 100, 131, 0, 96, 103]
[136, 0, 109, 119, 137, 109, 118, 106, 0, 108, 0, 133, 0, 126, 112, 0, 0, 0, 0, 0, 98, 95, 126, 146]
0
[116, 92, 149, 0, 0, 0, 0, 94, 141, 125, 93, 135, 137, 120, 90, 113, 0, 133, 132, 131, 0, 146, 106, 0]
0
[100, 129, 112, 0, 0, 0, 100, 98, 91, 110, 143, 127, 0, 148, 141, 130, 127, 0, 147, 139, 137, 0, 142, 0]
[0, 0, 0, 142, 0, 99, 146, 114, 129, 100, 112, 125, 149, 111, 102, 110, 127, 118, 0, 0, 0, 133, 0, 107]
0
0
[0, 0, 0, 131, 0, 109, 106, 107, 93, 149, 118, 110, 0, 0, 0, 124, 115, 138, 133, 0, 119, 0, 90, 111]
[0, 111, 124, 90, 149, 108, 121, 0, 97, 0, 0, 0, 126, 138, 116, 0, 0, 0, 0, 135, 125, 121, 145, 145]
[130, 127, 100, 115, 117, 111, 102, 144, 95, 0, 0, 0, 0, 0, 100, 99, 0, 113, 141, 108, 0, 144, 0, 117]
[124, 142, 148, 112, 93, 144, 128, 0, 107, 116, 111, 97, 0, 0, 120, 135, 136, 92, 140, 0, 140, 147, 96, 142]
[101, 99, 134, 113, 0, 135, 107, 131, 0, 138, 106, 92, 95, 97, 103, 95, 106, 137, 115, 132, 149, 119, 143, 138]
0
[94, 0, 118, 103, 114, 109, 102, 149, 136, 133, 144, 142, 112, 0, 133, 134, 97, 114, 0, 0, 0, 132, 101, 99]
[132, 118, 106, 114, 109, 118, 90, 147, 0, 141, 0, 148, 142, 99, 132, 0, 0, 0, 96, 96, 96, 0, 133, 138]
[0, 149, 101, 0, 0, 0, 0, 0, 0, 99, 119, 110, 142, 0, 119, 120, 0, 117, 127, 141, 137, 0, 148, 144]
0
0
[134, 124, 0, 142, 106, 135, 119, 122, 0, 135, 0, 137, 0, 121, 127, 103, 99, 138, 0, 0, 0, 0, 92, 96]
[0, 128, 0, 145, 116, 132, 142, 121, 92, 125, 109, 102, 97, 119, 0, 138, 107, 109, 0, 0, 0, 94, 136, 0]
[133, 111, 92, 101, 0, 134, 100, 93, 105, 139, 125, 116, 0, 129, 130, 148, 128, 0, 145, 95, 132, 96, 105, 145]
[122, 120, 110, 133, 130, 100, 130, 104, 138, 141, 133, 149, 139, 96, 144, 96, 105, 141, 108, 128, 127, 108, 119, 128]
[0, 0, 0, 118, 123, 120, 125, 0, 0, 137, 110, 131, 0, 0, 0, 129, 96, 125, 91, 109, 137, 99, 126, 134]
[0, 0, 0, 109, 93, 119, 121, 130, 132, 107, 120, 0, 93, 92, 116, 119, 0, 126, 0, 0, 0, 97, 0, 95]
[147, 108, 0, 122, 106, 114, 0, 0, 0, 91, 0, 116, 133, 0, 123, 0, 109, 98, 128, 115, 0, 136, 0, 142]
0
[131, 93, 139, 0, 0, 0, 110, 111, 136, 90, 0, 0, 122, 0, 0, 101, 147, 139, 0, 0, 0, 107, 133, 106]
[127, 123, 123, 112, 0, 127, 118, 142, 139, 121, 135, 143, 0, 0, 0, 91, 133, 107, 0, 106, 117, 137, 114, 138]
[148, 125, 147, 119, 134, 130, 90, 149, 129, 106, 148, 131, 94, 118, 99, 124, 107, 116, 97, 0, 137, 0, 0, 139]
[0, 0, 0, 133, 0, 0, 103, 0, 112, 143, 119, 115, 91, 99, 110, 0, 111, 139, 0, 129, 0, 0, 117, 0]
[111, 118, 99, 0, 0, 0, 0, 0, 112, 116, 147, 0, 91, 140, 147, 0, 0, 0, 114, 0, 0, 113, 0, 0]
0
0
0
0
[131, 149, 128, 100, 0, 90, 0, 91, 0, 0, 0, 0, 141, 102, 132, 108, 120, 136, 0, 0, 0, 90, 0, 144]
[116, 128, 124, 0, 0, 115, 0, 0, 0, 0, 95, 95, 144, 0, 148, 124, 96, 90, 132, 142, 128, 118, 0, 148]
[102, 112, 100, 0, 0, 0, 128, 145, 97, 148, 142, 103, 0, 0, 0, 0, 110, 108, 0, 120, 119, 109, 130, 132]
[104, 100, 93, 0, 121, 0, 141, 103, 138, 122, 111, 131, 96, 123, 0, 0, 0, 0, 92, 130, 0, 130, 125, 102]
[123, 108, 123, 144, 0, 0, 103, 101, 142, 0, 0, 105, 123, 123, 101, 141, 121, 0, 130, 0, 0, 146, 126, 104]
[0, 0, 0, 118, 0, 0, 0, 101, 132, 0, 110, 139, 0, 145, 0, 0, 91, 107, 104, 93, 0, 108, 132, 130]
0
[125, 110, 0, 136, 148, 0, 130, 102, 97, 106, 121, 146, 0, 111, 138, 0, 94, 141, 92, 131, 121, 141, 141, 132]
0
0
[0, 0, 0, 98, 0, 0, 140, 129, 144, 127, 106, 133, 0, 0, 0, 127, 0, 126, 0, 102, 131, 127, 143, 97]
0
[0, 0, 141, 111, 108, 0, 0, 0, 0, 106, 148, 140, 0, 141, 109, 149, 133, 143, 0, 0, 0, 92, 90, 0]
[0, 0, 101, 0, 0, 145, 95, 93, 90, 97, 134, 0, 93, 100, 103, 119, 140, 0, 103, 140, 129, 91, 125, 137]
[0, 104, 112, 121, 0, 0, 113, 0, 0, 112, 122, 90, 137, 0, 94, 0, 0, 0, 127, 94, 141, 0, 0, 0]
[0, 0, 0, 0, 0, 0, 102, 131, 0, 90, 126, 131, 126, 130, 141, 99, 120, 0, 90, 137, 123, 109, 137, 100]
0
[96, 113, 129, 0, 0, 0, 131, 114, 130, 0, 90, 116, 146, 120, 145, 0, 117, 113, 0, 0, 105, 0, 104, 121]
[0, 0, 0, 112, 93, 0, 141, 130, 121, 95, 95, 130, 0, 0, 0, 123, 0, 90, 116, 112, 0, 130, 132, 105]
[123, 124, 99, 0, 0, 119, 0, 0, 0, 129, 0, 0, 112, 127, 100, 102, 142, 100, 97, 127, 130, 149, 102, 0]
[128, 139, 141, 123, 143, 129, 114, 136, 0, 95, 0, 0, 120, 0, 125, 129, 0, 138, 0, 0, 0, 105, 99, 131]
[0, 0, 0, 128, 105, 138, 135, 97, 118, 123, 149, 98, 0, 112, 136, 120, 138, 115, 101, 117, 127, 132, 0, 114]
[138, 121, 127, 97, 126, 118, 0, 91, 129, 0, 107, 0, 0, 0, 0, 137, 111, 131, 147, 114, 122, 92, 95, 96]
[0, 0, 0, 127, 96, 122, 94, 104, 122, 0, 138, 108, 108, 144, 114, 91, 116, 95, 90, 91, 117, 0, 0, 0]
[0, 138, 146, 100, 100, 101, 0, 0, 98, 0, 0, 0, 136, 136, 106, 0, 111, 117, 94, 0, 137, 112, 120, 92]
[145, 125, 0, 135, 0, 120, 100, 0, 136, 146, 147, 126, 0, 0, 0, 126, 90, 114, 0, 108, 115, 100, 0, 102]
[105, 0, 106, 0, 137, 91, 0, 0, 0, 104, 126, 91, 125, 122, 98, 105, 90, 96, 144, 133, 115, 0, 102, 134]
0
[98, 111, 0, 124, 146, 119, 142, 146, 0, 131, 92, 97, 140, 126, 107, 111, 108, 129, 105, 108, 126, 0, 0, 0]
[101, 136, 100, 101, 107, 0, 0, 129, 0, 0, 97, 103, 117, 105, 99, 0, 0, 0, 138, 0, 103, 0, 0, 0]
[149, 125, 124, 0, 0, 0, 137, 138, 133, 123, 101, 134, 0, 0, 0, 139, 133, 142, 140, 0, 132, 0, 107, 116]
[0, 0, 0, 97, 95, 99, 148, 136, 0, 0, 0, 0, 98, 115, 90, 138, 109, 122, 126, 147, 140, 135, 143, 126]
[93, 102, 121, 127, 145, 105, 142, 0, 137, 0, 108, 96, 0, 0, 0, 101, 104, 125, 136, 142, 94, 90, 0, 0]
[0, 0, 0, 135, 128, 0, 123, 123, 146, 132, 121, 120, 145, 143, 91, 0, 95, 127, 132, 115, 104, 0, 0, 0]
0
[112, 113, 100, 106, 0, 143, 113, 0, 93, 0, 103, 93, 125, 98, 0, 99, 95, 0, 0, 0, 0, 97, 104, 143]
[115, 138, 139, 94, 103, 102, 94, 0, 149, 148, 146, 112, 119, 110, 148, 0, 0, 0, 104, 0, 138, 121, 117, 142]
[0, 0, 0, 134, 97, 133, 133, 142, 110, 124, 135, 139, 0, 0, 0, 105, 0, 132, 119, 111, 134, 103, 95, 142]
0
0
0
[0, 0, 118, 118, 91, 137, 133, 0, 136, 0, 93, 146, 0, 0, 0, 131, 0, 106, 118, 96, 103, 137, 0, 94]
[0, 129, 126, 137, 114, 107, 96, 139, 133, 133, 103, 133, 0, 131, 0, 143, 133, 102, 0, 122, 120, 114, 112, 120]
[142, 0, 144, 114, 93, 145, 137, 108, 140, 131, 102, 102, 120, 0, 0, 118, 108, 112, 91, 136, 123, 0, 0, 0]
[0, 99, 128, 97, 105, 0, 0, 0, 0, 0, 0, 0, 145, 146, 0, 118, 103, 134, 148, 131, 144, 122, 115, 94]
[0, 0, 0, 121, 141, 96, 97, 136, 124, 0, 0, 0, 147, 0, 122, 136, 90, 92, 146, 149, 145, 100, 0, 114]
[0, 108, 100, 141, 0, 141, 0, 0, 0, 94, 0, 132, 137, 104, 107, 103, 143, 0, 91, 146, 96, 148, 144, 111]
0
[107, 107, 90, 0, 90, 97, 123, 104, 149, 142, 123, 92, 92, 131, 100, 123, 132, 128, 103, 126, 133, 93, 93, 137]
[90, 0, 98, 0, 118, 0, 0, 0, 0, 100, 0, 0, 120, 118, 137, 110, 0, 147, 105, 119, 0, 0, 0, 0]
[136, 125, 118, 126, 135, 124, 0, 137, 149, 0, 144, 146, 0, 138, 109, 116, 122, 107, 143, 117, 0, 142, 0, 0]
[105, 94, 125, 109, 94, 134, 128, 0, 0, 121, 113, 113, 90, 92, 127, 95, 95, 142, 124, 139, 143, 99, 148, 119]
0
[134, 97, 110, 147, 0, 0, 0, 103, 103, 138, 101, 0, 0, 0, 0, 141, 107, 0, 91, 0, 149, 95, 90, 93]
[90, 102, 0, 0, 91, 143, 0, 118, 111, 110, 146, 0, 0, 109, 0, 114, 93, 101, 126, 132, 140, 0, 0, 0]
[112, 135, 120, 117, 96, 130, 0, 0, 0, 145, 139, 139, 0, 0, 0, 107, 0, 0, 103, 103, 103, 111, 139, 121]
0
0
[118, 96, 0, 0, 123, 127, 137, 95, 0, 113, 109, 102, 121, 140, 105, 143, 115, 111, 0, 120, 0, 145, 97, 126]
[108, 95, 146, 141, 0, 0, 133, 92, 115, 114, 0, 141, 121, 93, 100, 147, 0, 0, 104, 96, 137, 91, 0, 136]
0
[131, 114, 146, 127, 0, 96, 104, 135, 113, 125, 0, 117, 148, 104, 91, 0, 104, 132, 94, 91, 149, 0, 0, 0]
0
0
[119, 95, 148, 126, 126, 133, 124, 105, 138, 95, 148, 129, 0, 0, 0, 137, 140, 0, 116, 121, 111, 107, 133, 109]
[100, 140, 0, 121, 0, 142, 135, 101, 0, 146, 91, 114, 141, 110, 143, 115, 116, 92, 97, 145, 132, 137, 126, 90]
0
[126, 95, 115, 0, 0, 0, 0, 0, 0, 114, 136, 147, 128, 109, 101, 145, 119, 126, 132, 129, 90, 103, 95, 95]
[0, 0, 0, 105, 0, 130, 126, 118, 0, 144, 149, 122, 142, 116, 90, 114, 147, 91, 118, 0, 123, 94, 0, 120]
0
0
0
[120, 142, 105, 110, 139, 135, 0, 100, 98, 0, 120, 143, 122, 0, 97, 115, 117, 130, 125, 99, 0, 96, 110, 99]
[142, 136, 90, 0, 0, 0, 143, 140, 104, 141, 0, 106, 142, 105, 0, 136, 143, 124, 145, 135, 0, 109, 106, 102]
[103, 119, 115, 111, 0, 94, 0, 112, 0, 95, 0, 135, 134, 120, 126, 95, 142, 144, 116, 132, 0, 0, 0, 0]
[0, 124, 121, 136, 99, 145, 0, 112, 128, 141, 0, 126, 0, 0, 95, 0, 0, 0, 0, 135, 107, 125, 140, 0]
[99, 91, 115, 144, 93, 120, 0, 0, 0, 140, 139, 124, 115, 105, 148, 101, 148, 132, 96, 120, 140, 121, 0, 143]
0
[0, 123, 121, 138, 112, 148, 126, 0, 0, 126, 100, 108, 92, 139, 0, 125, 134, 125, 104, 136, 130, 127, 143, 142]
[109, 110, 0, 0, 0, 0, 121, 0, 0, 0, 0, 0, 0, 136, 0, 0, 0, 0, 95, 106, 0, 110, 95, 136]
[125, 115, 0, 94, 124, 125, 142, 108, 141, 133, 92, 139, 124, 113, 0, 112, 109, 101, 126, 0, 130, 0, 0, 0]
[133, 104, 145, 102, 131, 114, 0, 0, 0, 96, 122, 132, 134, 0, 146, 119, 140, 139, 0, 0, 0, 122, 0, 0]
[116, 107, 127, 145, 98, 90, 115, 147, 142, 126, 95, 96, 99, 139, 122, 120, 0, 92, 141, 127, 117, 147, 149, 123]
0
[0, 139, 119, 102, 133, 99, 95, 146, 102, 0, 102, 139, 145, 0, 0, 109, 129, 144, 143, 124, 125, 0, 144, 142]
[98, 103, 0, 0, 0, 0, 0, 145, 149, 104, 108, 127, 92, 102, 0, 0, 113, 145, 90, 136, 139, 126, 99, 127]
[110, 0, 134, 0, 115, 130, 122, 0, 0, 0, 117, 0, 0, 0, 0, 0, 99, 146, 115, 116, 137, 147, 0, 0]
[0, 93, 102, 108, 0, 93, 98, 90, 0, 132, 108, 105, 142, 0, 104, 148, 116, 123, 0, 131, 122, 97, 0, 0]
[104, 0, 118, 110, 116, 0, 113, 100, 124, 90, 0, 107, 91, 135, 140, 112, 107, 109, 146, 97, 93, 118, 117, 116]
[0, 103, 145, 117, 129, 0, 146, 122, 134, 0, 135, 131, 137, 116, 137, 109, 139, 149, 141, 138, 127, 0, 0, 0]
[123, 91, 103, 116, 124, 127, 117, 117, 0, 0, 0, 122, 139, 122, 110, 109, 0, 118, 109, 143, 98, 0, 148, 132]
[0, 0, 0, 147, 0, 119, 148, 126, 125, 112, 108, 92, 110, 0, 144, 118, 146, 98, 0, 0, 0, 119, 0, 99]
[0, 139, 147, 0, 0, 0, 121, 90, 124, 108, 0, 113, 0, 0, 0, 122, 130, 139, 140, 124, 0, 0, 114, 146]
[105, 108, 107, 146, 104, 120, 107, 108, 107, 147, 147, 144, 97, 0, 123, 128, 94, 119, 95, 107, 126, 93, 125, 129]
[96, 145, 0, 112, 99, 0, 0, 0, 0, 114, 0, 146, 0, 0, 0, 120, 148, 95, 96, 0, 131, 127, 0, 112]
0
[0, 0, 0, 111, 93, 113, 134, 0, 100, 0, 0, 102, 0, 0, 0, 121, 0, 145, 101, 142, 0, 121, 118, 111]
0
0
[139, 109, 136, 114, 113, 127, 0, 0, 0, 109, 94, 0, 144, 109, 136, 110, 108, 90, 0, 0, 0, 93, 134, 0]
0
0
[0, 0, 0, 148, 123, 0, 133, 118, 127, 148, 114, 149, 133, 100, 125, 0, 0, 0, 132, 91, 144, 134, 95, 112]
[115, 133, 120, 133, 114, 0, 117, 0, 128, 127, 104, 127, 122, 100, 115, 0, 122, 0, 133, 112, 111, 106, 0, 0]
[126, 116, 0, 106, 0, 0, 98, 0, 0, 137, 103, 111, 124, 146, 132, 120, 91, 0, 116, 113, 146, 0, 0, 0]
[116, 94, 0, 0, 135, 120, 131, 149, 0, 125, 112, 106, 0, 93, 0, 108, 105, 106, 0, 0, 0, 131, 108, 90]
0
[101, 104, 0, 110, 119, 133, 0, 0, 0, 91, 102, 134, 136, 126, 145, 113, 134, 98, 116, 116, 134, 0, 0, 0]
0
[104, 91, 123, 98, 105, 110, 112, 96, 0, 0, 138, 0, 90, 0, 133, 0, 119, 0, 136, 97, 121, 135, 147, 137]
[0, 123, 0, 0, 0, 0, 129, 0, 135, 138, 0, 127, 0, 149, 142, 0, 124, 96, 128, 128, 90, 0, 0, 0]
[146, 134, 0, 124, 111, 0, 128, 0, 132, 100, 143, 135, 125, 100, 0, 146, 119, 143, 122, 104, 111, 93, 101, 98]
[0, 121, 0, 98, 98, 0, 108, 141, 127, 0, 0, 0, 0, 126, 122, 139, 142, 102, 0, 109, 0, 111, 108, 0]
0
[0, 0, 0, 118, 0, 90, 118, 124, 96, 0, 142, 101, 0, 132, 0, 122, 136, 90, 95, 0, 99, 0, 100, 96]
[0, 0, 0, 0, 96, 0, 97, 101, 147, 138, 0, 125, 149, 140, 145, 104, 142, 0, 95, 97, 109, 138, 122, 102]
[0, 90, 0, 99, 107, 116, 0, 110, 0, 135, 103, 131, 0, 0, 0, 104, 95, 0, 126, 0, 90, 115, 121, 96]
[124, 128, 126, 145, 132, 127, 93, 105, 142, 137, 142, 112, 128, 94, 0, 0, 120, 0, 133, 0, 120, 138, 131, 0]
0
[96, 123, 118, 94, 0, 91, 0, 106, 105, 109, 114, 0, 148, 0, 103, 122, 113, 121, 115, 120, 138, 147, 110, 109]
[0, 0, 0, 97, 97, 148, 116, 147, 139, 109, 99, 147, 98, 131, 0, 113, 113, 0, 145, 118, 111, 0, 131, 100]
[0, 0, 114, 114, 105, 133, 145, 105, 0, 91, 0, 134, 112, 109, 0, 138, 109, 95, 0, 0, 0, 0, 112, 104]
[0, 0, 0, 0, 0, 0, 136, 127, 140, 139, 92, 0, 105, 130, 91, 95, 0, 121, 106, 130, 97, 94, 130, 137]
[101, 124, 145, 118, 124, 97, 0, 98, 0, 106, 0, 92, 147, 0, 140, 0, 143, 0, 118, 112, 0, 0, 112, 147]
[0, 107, 109, 0, 0, 0, 109, 149, 0, 97, 0, 148, 124, 0, 0, 121, 102, 138, 130, 117, 149, 141, 0, 134]
0
0
0
[0, 0, 0, 115, 92, 101, 137, 116, 100, 95, 105, 127, 0, 0, 0, 97, 135, 0, 123, 124, 0, 0, 124, 107]
[128, 122, 143, 143, 144, 96, 102, 101, 116, 142, 0, 106, 144, 101, 138, 149, 0, 138, 142, 125, 0, 0, 119, 133]
[0, 97, 106, 0, 0, 0, 132, 117, 97, 108, 149, 131, 135, 144, 99, 103, 104, 142, 0, 111, 0, 130, 139, 101]
[100, 105, 117, 119, 147, 0, 0, 0, 0, 122, 92, 0, 97, 91, 97, 110, 96, 126, 0, 0, 108, 133, 115, 112]
0
0
[140, 105, 122, 0, 106, 122, 0, 0, 0, 119, 110, 0, 0, 0, 0, 0, 0, 0, 97, 108, 145, 96, 110, 103]
[123, 137, 95, 131, 0, 132, 104, 94, 97, 0, 0, 0, 0, 0, 142, 0, 0, 120, 0, 143, 109, 134, 0, 122]
[0, 0, 0, 129, 0, 100, 0, 0, 94, 148, 96, 0, 129, 126, 91, 119, 137, 101, 117, 105, 121, 119, 105, 135]
[136, 106, 138, 0, 99, 96, 122, 120, 0, 0, 112, 144, 0, 114, 0, 0, 0, 0, 146, 148, 108, 123, 0, 126]
[110, 130, 96, 96, 0, 141, 111, 109, 129, 93, 141, 0, 101, 119, 0, 108, 128, 106, 137, 92, 117, 95, 122, 93]
[0, 147, 90, 109, 0, 0, 0, 0, 0, 0, 0, 0, 97, 128, 138, 131, 140, 0, 0, 117, 109, 91, 0, 0]
[117, 94, 0, 138, 149, 147, 0, 122, 144, 0, 148, 104, 93, 119, 141, 116, 140, 110, 0, 0, 0, 0, 134, 131]
[0, 0, 0, 116, 94, 143, 141, 140, 119, 0, 131, 118, 0, 114, 0, 140, 134, 149, 0, 0, 0, 101, 122, 98]
[136, 106, 137, 113, 0, 101, 0, 114, 103, 99, 110, 137, 116, 0, 148, 123, 118, 109, 105, 125, 132, 0, 118, 97]
[96, 94, 104, 131, 91, 0, 113, 140, 111, 143, 0, 93, 125, 0, 135, 100, 145, 128, 143, 121, 123, 112, 149, 145]
[148, 92, 144, 0, 91, 97, 128, 127, 132, 108, 0, 102, 113, 137, 112, 107, 0, 142, 0, 0, 0, 0, 101, 100]
0
[142, 124, 96, 143, 125, 100, 0, 98, 105, 127, 103, 135, 126, 138, 129, 145, 134, 138, 0, 0, 95, 123, 116, 93]
0
[0, 0, 0, 122, 0, 112, 117, 96, 0, 98, 135, 133, 145, 126, 100, 112, 137, 122, 134, 0, 100, 134, 114, 145]
[0, 98, 120, 0, 0, 122, 145, 140, 0, 0, 91, 0, 133, 95, 0, 149, 142, 102, 0, 103, 118, 96, 102, 142]
[147, 0, 140, 125, 97, 0, 0, 0, 103, 0, 106, 104, 106, 99, 100, 146, 115, 145, 105, 126, 122, 130, 135, 0]
[107, 0, 132, 109, 0, 0, 140, 125, 122, 0, 0, 122, 96, 143, 107, 0, 0, 0, 124, 115, 103, 0, 0, 0]
0
[111, 96, 91, 145, 139, 0, 0, 96, 112, 113, 129, 116, 99, 105, 113, 120, 144, 126, 0, 0, 0, 136, 123, 123]
[132, 0, 96, 128, 138, 131, 147, 0, 140, 0, 0, 0, 139, 126, 146, 117, 100, 138, 127, 0, 102, 139, 0, 111]
[119, 0, 105, 0, 145, 135, 0, 118, 120, 122, 110, 0, 101, 0, 149, 123, 92, 91, 148, 0, 0, 106, 141, 140]
[0, 128, 124, 133, 128, 0, 0, 0, 0, 132, 94, 104, 95, 126, 92, 116, 97, 118, 108, 131, 140, 125, 137, 142]
[90, 137, 0, 99, 109, 101, 138, 0, 141, 0, 117, 98, 0, 0, 0, 94, 140, 128, 98, 0, 148, 101, 125, 0]
[142, 98, 91, 100, 91, 125, 0, 100, 111, 0, 126, 138, 98, 101, 132, 90, 135, 97, 120, 118, 0, 0, 147, 0]
[133, 90, 144, 139, 126, 92, 126, 138, 0, 132, 115, 0, 138, 118, 0, 121, 138, 135, 0, 0, 0, 133, 125, 139]
[104, 113, 0, 0, 97, 111, 125, 119, 141, 0, 145, 0, 0, 105, 107, 109, 121, 98, 115, 0, 125, 148, 0, 121]
[0, 0, 0, 97, 132, 0, 0, 120, 142, 0, 0, 0, 133, 138, 92, 131, 0, 115, 112, 0, 128, 135, 119, 96]
0
0
[103, 138, 111, 127, 100, 97, 0, 0, 0, 136, 125, 141, 0, 0, 0, 125, 146, 124, 0, 94, 0, 117, 121, 101]
[125, 104, 146, 142, 0, 109, 0, 0, 0, 131, 99, 112, 0, 98, 95, 109, 137, 144, 0, 0, 0, 0, 141, 118]
[99, 102, 133, 0, 96, 104, 146, 0, 0, 135, 0, 148, 0, 0, 0, 0, 148, 117, 149, 97, 123, 104, 145, 0]
[0, 138, 144, 0, 0, 0, 0, 108, 0, 109, 136, 110, 0, 0, 0, 0, 115, 127, 124, 129, 100, 130, 105, 97]
[117, 0, 99, 0, 0, 0, 0, 0, 0, 130, 90, 144, 115, 144, 93, 98, 134, 130, 137, 92, 97, 140, 129, 126]
[125, 115, 101, 116, 0, 141, 94, 98, 93, 0, 108, 92, 137, 102, 0, 132, 141, 136, 111, 142, 140, 96, 94, 0]
[129, 144, 95, 121, 0, 107, 90, 127, 110, 146, 101, 100, 99, 92, 121, 143, 131, 120, 145, 133, 112, 122, 148, 96]
[141, 0, 101, 92, 0, 121, 147, 109, 0, 141, 103, 141, 97, 102, 115, 0, 103, 126, 118, 129, 120, 0, 0, 0]
0
[0, 146, 0, 119, 104, 105, 0, 120, 130, 0, 0, 0, 0, 99, 118, 138, 0, 145, 97, 130, 128, 144, 0, 121]
[0, 98, 0, 137, 128, 129, 0, 116, 0, 0, 0, 0, 122, 99, 146, 133, 111, 110, 107, 102, 0, 0, 0, 0]
[96, 112, 96, 0, 0, 0, 0, 0, 119, 117, 104, 113, 125, 100, 97, 121, 130, 105, 129, 0, 109, 124, 101, 136]
[147, 0, 103, 148, 123, 110, 100, 95, 141, 0, 0, 0, 124, 100, 111, 103, 99, 127, 100, 123, 120, 115, 94, 112]
[127, 111, 113, 142, 117, 109, 124, 0, 0, 148, 121, 134, 140, 126, 0, 146, 97, 95, 0, 131, 97, 110, 108, 97]
[149, 95, 120, 0, 136, 100, 0, 0, 0, 140, 113, 127, 0, 144, 131, 0, 0, 0, 149, 0, 134, 0, 0, 0]
[108, 102, 129, 110, 0, 143, 0, 0, 0, 0, 107, 143, 95, 140, 0, 0, 0, 0, 124, 121, 126, 0, 0, 0]
[0, 129, 141, 129, 147, 102, 146, 105, 112, 0, 110, 0, 0, 0, 0, 0, 0, 0, 109, 142, 107, 120, 0, 93]
[99, 0, 128, 146, 105, 144, 0, 93, 147, 0, 148, 0, 0, 114, 102, 109, 0, 147, 138, 128, 0, 115, 115, 90]
[117, 121, 105, 133, 95, 126, 136, 114, 141, 0, 0, 0, 149, 108, 142, 132, 103, 142, 0, 102, 114, 0, 110, 109]
0
0
[121, 139, 91, 126, 0, 96, 96, 141, 118, 124, 0, 109, 128, 0, 149, 0, 0, 0, 147, 123, 91, 102, 0, 0]
[0, 0, 135, 121, 143, 149, 102, 96, 90, 117, 120, 0, 96, 99, 114, 141, 144, 0, 123, 114, 110, 0, 0, 0]
[0, 95, 0, 135, 114, 0, 101, 114, 122, 133, 141, 0, 145, 139, 0, 123, 113, 146, 135, 108, 129, 0, 0, 0]
[130, 122, 120, 117, 103, 100, 0, 0, 0, 94, 140, 110, 108, 114, 116, 146, 107, 130, 0, 0, 0, 140, 138, 121]
[137, 146, 114, 141, 113, 0, 133, 123, 128, 138, 122, 140, 122, 90, 144, 127, 128, 123, 0, 0, 0, 139, 113, 0]
[102, 129, 96, 0, 0, 0, 0, 98, 0, 0, 0, 144, 0, 0, 118, 0, 0, 0, 96, 146, 114, 112, 115, 0]
[119, 0, 106, 133, 128, 112, 0, 0, 144, 0, 0, 0, 128, 121, 0, 0, 132, 102, 107, 120, 131, 98, 90, 0]
[0, 104, 116, 109, 145, 145, 0, 103, 117, 94, 100, 144, 0, 0, 0, 131, 114, 91, 116, 136, 117, 127, 132, 93]
[0, 134, 147, 109, 128, 126, 0, 0, 0, 0, 0, 0, 143, 134, 0, 139, 92, 123, 110, 145, 142, 107, 116, 0]
0
[0, 0, 0, 0, 136, 99, 98, 147, 116, 147, 143, 148, 144, 99, 115, 0, 0, 0, 0, 0, 131, 135, 117, 107]
[121, 102, 0, 118, 0, 128, 0, 0, 0, 91, 0, 135, 125, 115, 118, 0, 0, 0, 145, 0, 94, 112, 139, 130]
0
[0, 102, 0, 0, 135, 138, 135, 134, 0, 125, 0, 0, 105, 116, 96, 0, 134, 111, 136, 130, 129, 125, 0, 0]
[90, 124, 126, 0, 101, 145, 117, 134, 0, 138, 118, 126, 0, 108, 93, 136, 143, 99, 141, 135, 134, 134, 130, 149]
[0, 0, 0, 148, 90, 110, 136, 0, 119, 138, 136, 137, 102, 116, 105, 0, 146, 0, 132, 126, 92, 0, 0, 0]
[100, 117, 131, 138, 0, 133, 136, 145, 102, 114, 0, 98, 0, 0, 0, 102, 112, 124, 0, 0, 0, 126, 0, 92]
[0, 106, 100, 94, 0, 107, 128, 0, 92, 147, 141, 130, 0, 0, 0, 94, 141, 148, 94, 0, 133, 132, 145, 107]
[117, 0, 143, 113, 124, 127, 101, 93, 0, 123, 0, 149, 112, 120, 99, 130, 0, 136, 123, 93, 0, 98, 97, 143]
[105, 113, 91, 133, 129, 90, 148, 113, 94, 117, 136, 108, 148, 131, 0, 0, 0, 0, 110, 0, 112, 124, 99, 94]
[145, 132, 97, 127, 91, 0, 104, 125, 0, 95, 134, 129, 137, 94, 0, 0, 117, 134, 133, 147, 129, 0, 0, 0]
0
[0, 101, 0, 91, 91, 143, 0, 120, 0, 0, 0, 0, 145, 0, 0, 120, 0, 0, 109, 0, 104, 0, 116, 94]
[110, 138, 0, 95, 127, 115, 122, 135, 0, 132, 131, 140, 118, 116, 121, 104, 0, 0, 0, 0, 130, 104, 139, 90]
0
0
[114, 101, 108, 118, 113, 127, 114, 0, 101, 0, 0, 0, 122, 0, 130, 105, 121, 0, 143, 0, 103, 0, 0, 0]
[101, 129, 96, 144, 0, 106, 125, 139, 91, 119, 0, 111, 123, 94, 139, 128, 148, 97, 100, 145, 0, 0, 104, 0]
[0, 114, 135, 114, 147, 132, 126, 105, 95, 0, 102, 91, 0, 0, 0, 0, 0, 115, 113, 99, 0, 126, 139, 0]
[121, 109, 137, 125, 102, 98, 0, 126, 142, 113, 122, 0, 127, 135, 131, 119, 108, 142, 0, 109, 136, 0, 101, 0]
[0, 0, 111, 102, 127, 0, 0, 99, 122, 131, 97, 105, 108, 0, 114, 125, 122, 0, 136, 137, 92, 0, 0, 0]
[0, 0, 133, 0, 0, 0, 108, 135, 0, 0, 103, 92, 0, 123, 109, 118, 142, 107, 0, 97, 94, 0, 0, 0]
[142, 129, 100, 0, 0, 0, 149, 128, 112, 0, 129, 136, 0, 91, 109, 142, 95, 146, 0, 0, 0, 93, 0, 91]
[144, 0, 0, 131, 112, 97, 101, 90, 0, 106, 102, 128, 0, 122, 93, 125, 114, 140, 131, 0, 0, 109, 98, 147]
[0, 0, 0, 125, 107, 126, 93, 138, 97, 0, 0, 0, 140, 127, 147, 91, 114, 122, 105, 90, 128, 0, 0, 110]
[111, 132, 0, 91, 136, 0, 0, 0, 0, 129, 104, 137, 95, 137, 107, 0, 0, 0, 119, 122, 148, 0, 91, 121]
[110, 94, 137, 0, 126, 112, 0, 105, 94, 98, 142, 100, 118, 0, 126, 136, 141, 143, 0, 0, 0, 96, 149, 0]
[129, 139, 99, 0, 149, 0, 120, 115, 94, 140, 107, 104, 130, 103, 0, 0, 126, 0, 110, 90, 95, 93, 106, 120]
[148, 139, 147, 135, 133, 126, 0, 90, 98, 0, 0, 0, 137, 129, 90, 119, 137, 148, 0, 136, 90, 149, 96, 118]
[133, 145, 0, 93, 94, 101, 119, 109, 113, 0, 0, 0, 92, 134, 96, 91, 98, 99, 110, 122, 99, 108, 135, 126]
0
[97, 106, 103, 137, 107, 129, 100, 114, 0, 128, 112, 101, 0, 0, 0, 122, 117, 129, 0, 128, 122, 127, 142, 91]
0
[0, 0, 122, 0, 136, 141, 146, 104, 98, 126, 138, 0, 0, 101, 143, 115, 128, 0, 148, 133, 120, 138, 109, 130]
[139, 106, 109, 97, 0, 99, 0, 0, 0, 94, 130, 118, 100, 122, 109, 104, 0, 136, 104, 107, 117, 94, 0, 101]
[144, 144, 104, 109, 0, 110, 145, 105, 0, 119, 147, 0, 102, 0, 106, 0, 136, 121, 124, 149, 0, 146, 106, 100]
0
[131, 116, 0, 108, 113, 125, 149, 94, 0, 0, 0, 0, 109, 121, 94, 119, 108, 135, 97, 118, 0, 100, 0, 0]
[0, 0, 0, 95, 145, 0, 144, 147, 138, 0, 0, 0, 90, 122, 0, 141, 133, 146, 106, 127, 98, 0, 116, 130]
0
[102, 136, 124, 143, 0, 0, 0, 100, 113, 0, 95, 96, 98, 148, 120, 124, 126, 0, 112, 139, 108, 149, 0, 0]
0
0
[116, 134, 0, 0, 0, 0, 0, 0, 141, 0, 91, 0, 0, 114, 113, 118, 90, 98, 121, 124, 143, 116, 101, 113]
[92, 98, 132, 0, 146, 0, 126, 97, 115, 149, 135, 136, 101, 132, 140, 149, 131, 143, 133, 108, 0, 0, 0, 0]
[129, 135, 117, 141, 118, 119, 0, 0, 0, 147, 131, 111, 0, 0, 0, 103, 0, 0, 117, 95, 107, 146, 123, 0]
[118, 115, 0, 105, 114, 95, 0, 0, 0, 115, 114, 0, 0, 0, 0, 145, 112, 149, 111, 146, 143, 0, 90, 133]
[93, 0, 91, 149, 120, 96, 139, 144, 0, 95, 122, 0, 108, 115, 0, 0, 0, 0, 0, 0, 0, 0, 136, 98]
[98, 137, 110, 141, 146, 109, 144, 143, 0, 101, 144, 130, 0, 94, 94, 129, 94, 0, 135, 134, 140, 0, 0, 0]
0
[0, 124, 124, 113, 109, 147, 0, 0, 0, 115, 106, 128, 127, 112, 143, 117, 147, 137, 0, 0, 0, 130, 141, 130]
[105, 141, 0, 0, 97, 113, 142, 128, 140, 111, 145, 101, 93, 127, 145, 0, 100, 105, 0, 119, 149, 98, 145, 139]
[0, 0, 0, 102, 0, 129, 0, 113, 147, 0, 137, 132, 0, 132, 144, 148, 130, 104, 100, 0, 118, 91, 117, 108]
0
[0, 0, 132, 107, 97, 90, 102, 103, 125, 134, 0, 0, 94, 92, 106, 126, 0, 0, 145, 131, 115, 0, 132, 143]
[104, 0, 0, 0, 0, 0, 0, 108, 111, 125, 91, 100, 0, 124, 0, 0, 0, 0, 0, 119, 0, 140, 133, 146]
0
[136, 0, 128, 111, 0, 135, 127, 131, 103, 0, 0, 0, 146, 0, 0, 92, 94, 97, 127, 115, 127, 148, 129, 0]
[96, 148, 0, 0, 0, 0, 108, 129, 106, 106, 0, 116, 0, 0, 0, 0, 143, 99, 143, 148, 108, 102, 137, 112]
[104, 96, 139, 0, 93, 141, 138, 112, 133, 0, 0, 0, 0, 0, 0, 138, 114, 0, 114, 131, 120, 120, 106, 119]
[102, 93, 102, 0, 0, 0, 101, 104, 124, 124, 115, 0, 0, 0, 0, 142, 124, 0, 110, 90, 0, 131, 116, 106]
0
[97, 109, 110, 91, 96, 92, 0, 0, 0, 93, 102, 114, 120, 130, 115, 0, 0, 0, 136, 136, 138, 112, 130, 118]
0
0
0
[149, 145, 138, 0, 0, 0, 141, 107, 114, 0, 134, 128, 144, 129, 138, 118, 125, 97, 110, 121, 148, 144, 0, 131]
[0, 105, 101, 120, 93, 113, 0, 0, 0, 129, 108, 93, 128, 0, 123, 148, 138, 130, 0, 0, 0, 0, 94, 144]
[100, 0, 103, 112, 107, 128, 122, 0, 0, 125, 0, 110, 136, 97, 143, 0, 93, 99, 104, 142, 0, 0, 125, 0]
[100, 136, 108, 147, 104, 0, 143, 104, 118, 111, 126, 105, 92, 92, 128, 121, 138, 124, 127, 0, 96, 95, 112, 112]
0
0
0
0
[95, 0, 137, 134, 0, 98, 106, 0, 125, 130, 106, 92, 109, 116, 99, 104, 126, 133, 0, 92, 138, 127, 105, 117]
[0, 0, 0, 92, 107, 98, 94, 145, 105, 131, 0, 134, 127, 122, 105, 0, 112, 114, 144, 109, 137, 0, 0, 127]
[95, 92, 133, 111, 114, 117, 96, 127, 0, 0, 123, 123, 0, 0, 0, 142, 139, 117, 120, 140, 112, 116, 106, 146]
[95, 125, 101, 106, 105, 0, 126, 130, 149, 142, 0, 129, 0, 92, 148, 0, 0, 0, 146, 104, 147, 117, 114, 114]
[99, 117, 0, 0, 142, 0, 0, 0, 0, 97, 136, 112, 113, 0, 0, 135, 0, 140, 0, 0, 0, 93, 0, 106]
0
[147, 145, 100, 122, 0, 0, 0, 0, 0, 0, 129, 141, 0, 0, 0, 103, 133, 140, 133, 110, 146, 145, 121, 100]
[142, 123, 139, 149, 102, 0, 0, 135, 0, 109, 126, 144, 0, 0, 0, 101, 148, 107, 128, 101, 0, 108, 126, 110]
[142, 148, 110, 138, 135, 132, 0, 0, 0, 106, 0, 117, 130, 141, 139, 92, 113, 0, 104, 115, 123, 121, 125, 0]
[0, 96, 131, 0, 0, 0, 146, 98, 141, 143, 0, 106, 0, 0, 0, 118, 111, 0, 0, 0, 120, 123, 109, 135]
0
0
[108, 121, 139, 111, 118, 100, 0, 0, 126, 91, 97, 130, 128, 143, 92, 91, 120, 113, 0, 91, 0, 148, 108, 95]
[0, 129, 136, 97, 125, 107, 116, 116, 97, 122, 0, 145, 135, 125, 103, 127, 90, 118, 108, 95, 0, 125, 100, 138]
[127, 111, 95, 0, 0, 91, 0, 135, 0, 100, 139, 98, 142, 0, 147, 115, 98, 147, 116, 108, 0, 101, 134, 104]
0
0
[0, 149, 144, 0, 147, 0, 140, 0, 128, 0, 103, 133, 139, 119, 148, 144, 0, 122, 144, 103, 148, 0, 115, 0]
0
[96, 116, 127, 108, 100, 119, 143, 130, 130, 119, 118, 98, 101, 139, 117, 123, 0, 116, 0, 102, 141, 0, 0, 0]
[0, 0, 0, 92, 139, 104, 133, 115, 110, 144, 92, 115, 0, 0, 95, 101, 0, 117, 0, 143, 96, 112, 141, 0]
[0, 0, 0, 118, 137, 123, 139, 0, 0, 0, 0, 0, 100, 124, 149, 148, 121, 0, 130, 124, 93, 125, 124, 94]
[99, 0, 0, 110, 0, 116, 0, 0, 0, 105, 142, 138, 99, 90, 103, 125, 140, 131, 0, 96, 100, 135, 108, 140]
[99, 131, 110, 108, 131, 133, 113, 90, 0, 90, 124, 92, 0, 0, 0, 120, 113, 134, 140, 107, 92, 92, 103, 127]
[126, 121, 0, 139, 120, 145, 133, 143, 136, 0, 141, 124, 132, 144, 104, 144, 0, 135, 126, 148, 113, 121, 96, 0]
[0, 121, 131, 0, 104, 136, 123, 0, 106, 0, 0, 0, 0, 133, 106, 99, 103, 111, 99, 100, 107, 90, 135, 0]
[102, 141, 129, 147, 147, 121, 148, 140, 139, 127, 120, 100, 0, 0, 0, 0, 102, 100, 0, 132, 98, 107, 108, 95]
0
0
0
0
[114, 136, 126, 96, 94, 93, 132, 131, 109, 141, 149, 144, 116, 106, 144, 121, 148, 101, 106, 121, 120, 149, 0, 143]
[97, 125, 117, 0, 0, 123, 147, 132, 129, 105, 98, 0, 128, 0, 112, 0, 0, 0, 0, 99, 147, 148, 143, 113]
[145, 126, 0, 0, 0, 0, 0, 135, 0, 0, 0, 0, 147, 92, 0, 91, 130, 94, 115, 0, 103, 98, 118, 92]
[99, 111, 130, 97, 116, 140, 105, 91, 114, 127, 111, 142, 141, 0, 106, 136, 116, 93, 0, 106, 93, 126, 95, 134]
[107, 135, 137, 92, 138, 107, 144, 94, 101, 127, 126, 95, 0, 92, 111, 0, 129, 0, 0, 98, 134, 111, 137, 123]
0
[0, 124, 96, 138, 102, 142, 149, 111, 101, 0, 0, 132, 101, 101, 0, 134, 98, 118, 111, 0, 141, 127, 132, 128]
[0, 0, 109, 116, 146, 146, 0, 0, 0, 0, 115, 140, 132, 0, 102, 117, 113, 0, 94, 126, 121, 0, 0, 0]
[98, 135, 147, 92, 108, 145, 103, 123, 90, 101, 133, 128, 95, 148, 102, 0, 144, 0, 94, 109, 113, 146, 110, 96]
[0, 117, 133, 94, 125, 126, 107, 91, 143, 0, 0, 0, 0, 147, 92, 102, 100, 109, 0, 111, 138, 97, 118, 110]
[127, 0, 0, 0, 0, 118, 141, 0, 0, 0, 0, 0, 147, 0, 105, 99, 0, 109, 145, 129, 91, 91, 0, 108]
0
[131, 95, 0, 135, 113, 116, 111, 104, 127, 127, 0, 148, 126, 115, 100, 113, 134, 99, 0, 90, 104, 122, 118, 134]
[118, 145, 103, 145, 0, 143, 104, 147, 109, 0, 111, 96, 145, 0, 103, 0, 0, 0, 115, 104, 130, 0, 0, 0]
[130, 129, 148, 0, 106, 117, 128, 100, 121, 100, 93, 0, 111, 148, 105, 105, 129, 91, 108, 115, 93, 96, 142, 135]
[132, 0, 112, 0, 0, 0, 95, 126, 147, 137, 99, 102, 0, 142, 100, 0, 0, 0, 0, 146, 144, 101, 144, 0]
0
[128, 111, 0, 120, 131, 126, 132, 112, 0, 122, 0, 114, 0, 0, 0, 0, 0, 0, 0, 140, 147, 138, 0, 147]
0
[137, 125, 143, 127, 0, 110, 0, 0, 0, 117, 0, 90, 112, 99, 134, 121, 147, 119, 116, 113, 111, 0, 121, 0]
[129, 123, 104, 107, 0, 114, 0, 0, 0, 0, 112, 149, 0, 0, 0, 0, 110, 137, 108, 93, 125, 133, 96, 116]
[117, 114, 92, 96, 132, 126, 119, 109, 0, 107, 98, 147, 121, 0, 116, 121, 117, 0, 131, 144, 139, 0, 0, 0]
[0, 0, 0, 108, 108, 139, 0, 0, 104, 144, 0, 107, 0, 0, 0, 0, 0, 99, 114, 141, 0, 110, 95, 0]
[103, 114, 130, 0, 0, 0, 129, 0, 115, 139, 98, 107, 100, 0, 123, 0, 0, 140, 108, 135, 0, 133, 136, 115]
[91, 132, 121, 0, 118, 118, 148, 94, 138, 148, 0, 126, 132, 142, 103, 130, 123, 138, 138, 110, 0, 0, 0, 0]
[138, 105, 145, 0, 99, 123, 0, 95, 110, 116, 148, 100, 0, 107, 0, 0, 0, 0, 143, 130, 101, 0, 125, 124]
0
0
0
0
0
[111, 0, 128, 0, 0, 125, 136, 111, 92, 136, 94, 147, 102, 91, 95, 97, 121, 95, 0, 123, 145, 0, 0, 0]
0
[103, 109, 115, 0, 137, 0, 146, 132, 134, 0, 95, 96, 97, 114, 133, 105, 116, 133, 0, 0, 0, 112, 108, 148]
[0, 131, 107, 0, 0, 0, 124, 100, 91, 92, 131, 139, 95, 103, 0, 0, 0, 0, 144, 111, 0, 139, 93, 129]
[101, 107, 94, 0, 0, 0, 95, 0, 122, 107, 104, 107, 0, 0, 0, 104, 135, 0, 93, 149, 98, 97, 136, 112]
[120, 0, 144, 0, 0, 0, 143, 129, 147, 102, 133, 0, 103, 0, 0, 121, 128, 115, 106, 140, 99, 0, 0, 0]
[0, 149, 127, 117, 131, 0, 0, 0, 0, 145, 148, 109, 0, 135, 0, 0, 0, 0, 0, 127, 146, 120, 137, 0]
[108, 0, 97, 121, 95, 0, 94, 92, 103, 132, 137, 148, 143, 140, 0, 104, 0, 109, 0, 145, 109, 0, 0, 115]
[92, 0, 114, 0, 0, 0, 111, 104, 93, 0, 0, 132, 139, 98, 0, 125, 110, 144, 141, 146, 147, 123, 96, 101]
[112, 138, 0, 0, 141, 94, 0, 0, 0, 149, 136, 0, 0, 101, 122, 108, 100, 143, 141, 123, 111, 0, 0, 0]
[115, 104, 97, 121, 0, 125, 98, 132, 108, 133, 107, 0, 128, 104, 119, 119, 105, 0, 93, 0, 122, 146, 92, 0]
[100, 104, 0, 143, 110, 132, 0, 0, 0, 93, 0, 91, 136, 146, 112, 147, 126, 96, 0, 0, 93, 135, 144, 139]
[93, 0, 0, 140, 141, 142, 94, 100, 0, 124, 101, 96, 0, 0, 0, 106, 0, 120, 0, 0, 97, 114, 95, 0]
[115, 141, 106, 144, 0, 122, 135, 149, 0, 113, 137, 0, 0, 0, 0, 0, 0, 0, 123, 144, 119, 126, 0, 101]
[0, 0, 0, 0, 125, 108, 0, 0, 0, 120, 118, 0, 142, 120, 0, 101, 142, 96, 141, 91, 110, 102, 0, 149]
0
[104, 96, 0, 148, 118, 112, 144, 0, 139, 107, 133, 103, 99, 114, 0, 106, 113, 93, 109, 118, 146, 130, 123, 110]
[116, 145, 107, 0, 0, 0, 0, 0, 0, 147, 127, 142, 147, 148, 102, 109, 135, 119, 0, 138, 102, 133, 144, 135]
0
[91, 128, 123, 123, 97, 0, 123, 0, 147, 97, 109, 119, 109, 0, 125, 0, 0, 0, 131, 0, 120, 106, 118, 116]
[123, 110, 114, 116, 138, 113, 0, 0, 0, 109, 130, 144, 127, 146, 137, 128, 133, 90, 121, 143, 134, 120, 144, 138]
0
[0, 110, 90, 0, 136, 138, 119, 0, 123, 0, 0, 142, 130, 0, 0, 133, 140, 93, 134, 106, 136, 0, 0, 106]
[0, 0, 0, 124, 130, 0, 98, 135, 143, 144, 103, 94, 127, 98, 126, 111, 144, 110, 96, 0, 96, 145, 0, 142]
[0, 0, 0, 0, 0, 0, 113, 110, 99, 106, 0, 0, 149, 105, 134, 0, 134, 149, 118, 93, 0, 140, 124, 137]
0
0
0
0
0
0
[0, 128, 110, 122, 113, 120, 105, 0, 105, 105, 108, 99, 107, 0, 97, 126, 93, 106, 138, 119, 107, 144, 0, 142]
[99, 111, 135, 144, 112, 148, 108, 122, 116, 95, 110, 0, 113, 123, 148, 0, 0, 0, 0, 0, 0, 94, 121, 137]
0
[0, 0, 0, 0, 145, 0, 142, 146, 141, 140, 96, 104, 128, 107, 113, 113, 123, 111, 118, 116, 121, 147, 119, 129]
[0, 117, 119, 0, 91, 0, 0, 145, 0, 0, 100, 97, 110, 99, 0, 149, 0, 133, 0, 0, 0, 149, 110, 94]
0
[100, 116, 146, 0, 0, 0, 111, 128, 0, 91, 0, 141, 0, 115, 99, 101, 114, 140, 134, 102, 99, 121, 119, 99]
[0, 0, 0, 142, 107, 99, 126, 107, 115, 120, 124, 116, 106, 108, 123, 105, 143, 112, 123, 0, 133, 0, 0, 0]
[133, 0, 140, 106, 91, 104, 100, 135, 118, 0, 118, 92, 142, 104, 91, 127, 0, 117, 144, 124, 121, 120, 129, 142]
[112, 102, 140, 90, 111, 95, 92, 90, 0, 100, 0, 132, 128, 92, 149, 123, 140, 146, 0, 106, 105, 137, 126, 133]
[0, 129, 125, 133, 0, 134, 126, 0, 129, 123, 129, 144, 108, 146, 135, 106, 102, 0, 111, 0, 119, 0, 111, 0]
[148, 139, 107, 139, 0, 97, 0, 0, 100, 92, 122, 132, 131, 144, 123, 129, 95, 0, 142, 138, 117, 143, 96, 94]
[94, 0, 123, 136, 135, 146, 97, 93, 0, 95, 106, 145, 111, 0, 96, 128, 0, 115, 94, 144, 122, 0, 137, 118]
[94, 138, 92, 0, 118, 139, 114, 0, 0, 0, 0, 103, 136, 137, 103, 128, 145, 147, 119, 96, 147, 0, 0, 0]
0
[0, 115, 111, 110, 121, 110, 0, 0, 0, 106, 114, 111, 103, 106, 0, 122, 125, 93, 0, 0, 0, 0, 149, 111]
[0, 0, 0, 128, 125, 145, 142, 96, 142, 149, 119, 145, 130, 95, 145, 0, 102, 0, 126, 97, 0, 0, 95, 124]
[97, 118, 134, 0, 108, 0, 133, 95, 92, 0, 132, 92, 95, 0, 0, 0, 114, 92, 135, 133, 112, 93, 147, 116]
0
[141, 127, 102, 130, 107, 94, 107, 129, 92, 120, 120, 0, 111, 0, 123, 0, 0, 0, 139, 102, 123, 123, 92, 0]
[0, 0, 105, 91, 0, 120, 0, 0, 147, 134, 0, 109, 90, 0, 126, 0, 0, 0, 131, 137, 117, 115, 0, 97]
[129, 96, 109, 113, 131, 0, 90, 0, 127, 91, 103, 148, 115, 104, 147, 119, 128, 136, 0, 0, 0, 0, 0, 0]
0
[0, 0, 0, 123, 0, 92, 93, 101, 145, 100, 121, 121, 0, 0, 0, 95, 0, 104, 147, 0, 129, 137, 90, 95]
0
0
0
0
0
0
0
[0, 0, 113, 112, 0, 124, 139, 144, 111, 0, 0, 127, 148, 97, 120, 127, 0, 95, 122, 129, 143, 0, 110, 131]
[144, 0, 109, 118, 108, 133, 0, 0, 0, 132, 0, 127, 0, 0, 0, 99, 103, 0, 110, 0, 0, 0, 109, 133]
[119, 110, 108, 102, 90, 136, 117, 99, 91, 0, 0, 0, 139, 95, 102, 148, 124, 0, 0, 110, 0, 133, 106, 111]
[98, 132, 145, 137, 93, 104, 97, 132, 98, 90, 144, 124, 148, 117, 94, 111, 121, 104, 114, 135, 0, 0, 128, 120]
[109, 112, 144, 0, 0, 0, 125, 125, 129, 135, 137, 0, 124, 91, 106, 0, 0, 0, 103, 122, 107, 140, 0, 132]
[0, 0, 0, 134, 149, 132, 133, 0, 128, 0, 0, 0, 134, 0, 90, 103, 0, 135, 111, 0, 91, 117, 134, 120]
[0, 0, 0, 0, 134, 112, 0, 0, 0, 97, 126, 110, 98, 116, 118, 117, 138, 117, 0, 133, 109, 102, 0, 138]
[95, 135, 144, 0, 116, 108, 0, 0, 0, 131, 130, 0, 0, 0, 0, 95, 94, 132, 135, 117, 131, 109, 143, 92]
[94, 126, 0, 115, 0, 114, 123, 104, 92, 116, 0, 113, 122, 99, 99, 118, 118, 93, 114, 115, 100, 116, 121, 119]
[118, 100, 119, 0, 0, 0, 109, 0, 115, 0, 0, 0, 108, 132, 0, 128, 114, 143, 142, 0, 0, 126, 134, 95]
[113, 111, 0, 117, 149, 131, 0, 102, 121, 147, 149, 0, 131, 140, 127, 102, 0, 0, 0, 0, 0, 146, 114, 111]
[149, 132, 120, 0, 0, 145, 0, 0, 0, 0, 0, 0, 146, 102, 105, 125, 143, 90, 0, 106, 149, 138, 137, 99]
0
[0, 110, 118, 93, 116, 134, 127, 0, 112, 0, 0, 0, 0, 0, 0, 128, 0, 115, 0, 127, 133, 147, 114, 104]
[132, 104, 0, 0, 111, 125, 0, 0, 144, 91, 137, 144, 145, 143, 148, 128, 0, 0, 147, 130, 119, 0, 121, 93]
[0, 0, 0, 130, 110, 115, 129, 108, 0, 103, 138, 0, 0, 139, 137, 0, 102, 0, 0, 122, 103, 141, 0, 108]
[0, 123, 137, 0, 0, 0, 136, 139, 134, 147, 112, 111, 143, 0, 131, 129, 130, 105, 142, 132, 134, 0, 0, 0]
[142, 0, 105, 93, 0, 108, 105, 133, 0, 113, 0, 102, 90, 107, 140, 0, 0, 0, 93, 0, 104, 0, 0, 0]
0
[0, 0, 0, 106, 0, 116, 0, 0, 0, 0, 113, 103, 144, 100, 131, 0, 108, 138, 116, 100, 98, 91, 0, 102]
[0, 93, 149, 101, 0, 130, 130, 0, 0, 0, 98, 140, 0, 96, 131, 140, 149, 0, 0, 0, 0, 143, 0, 100]
[106, 104, 121, 97, 101, 129, 95, 105, 110, 90, 129, 146, 92, 0, 149, 108, 98, 0, 146, 138, 90, 125, 111, 149]
[136, 107, 0, 91, 113, 99, 138, 141, 148, 117, 136, 96, 135, 114, 0, 92, 124, 0, 139, 100, 142, 138, 0, 99]
0
0
0
0
0
0
0
0
[121, 140, 0, 0, 0, 0, 0, 0, 0, 124, 99, 115, 0, 113, 134, 0, 0, 143, 106, 135, 135, 100, 135, 93]
[0, 0, 0, 149, 147, 127, 146, 141, 0, 146, 94, 91, 125, 0, 148, 0, 120, 143, 0, 95, 149, 0, 0, 0]
0
[145, 149, 0, 110, 111, 120, 117, 93, 139, 145, 125, 131, 94, 131, 108, 149, 0, 129, 0, 112, 127, 120, 112, 117]
[92, 114, 98, 146, 142, 114, 124, 94, 120, 126, 0, 106, 122, 145, 145, 0, 113, 130, 92, 0, 121, 117, 98, 0]
0
[112, 147, 136, 0, 0, 0, 121, 134, 93, 116, 110, 140, 124, 121, 102, 0, 94, 132, 0, 134, 141, 0, 103, 116]
[0, 125, 104, 104, 126, 111, 112, 117, 102, 147, 123, 133, 0, 0, 0, 97, 110, 0, 0, 0, 0, 148, 107, 135]
[121, 0, 101, 0, 122, 96, 128, 90, 147, 148, 107, 0, 135, 148, 123, 118, 147, 137, 128, 0, 138, 98, 0, 121]
0
[146, 107, 0, 138, 90, 99, 105, 134, 149, 129, 117, 114, 140, 101, 143, 0, 140, 132, 129, 120, 113, 113, 140, 101]
[108, 134, 138, 137, 108, 0, 148, 109, 120, 124, 123, 147, 0, 0, 0, 0, 122, 91, 141, 0, 123, 0, 146, 134]
[119, 0, 121, 140, 125, 123, 92, 0, 134, 0, 0, 0, 111, 97, 130, 149, 148, 127, 120, 0, 105, 143, 126, 96]
[0, 0, 124, 98, 133, 126, 0, 109, 96, 93, 0, 117, 116, 115, 148, 0, 126, 130, 0, 0, 0, 105, 117, 142]
[0, 0, 142, 140, 94, 103, 126, 101, 0, 0, 149, 128, 106, 91, 0, 0, 0, 0, 98, 100, 91, 127, 0, 147]
0
[149, 108, 93, 107, 142, 93, 0, 126, 0, 0, 0, 112, 0, 0, 0, 0, 111, 145, 139, 132, 125, 0, 140, 121]
[98, 0, 136, 0, 0, 0, 0, 118, 112, 146, 104, 93, 0, 125, 0, 115, 0, 146, 0, 0, 0, 101, 112, 101]
0
0
[0, 110, 137, 126, 109, 122, 137, 124, 124, 134, 145, 133, 111, 140, 0, 0, 0, 0, 0, 100, 115, 0, 0, 0]
[121, 0, 96, 0, 126, 0, 0, 0, 0, 102, 138, 102, 135, 117, 0, 115, 120, 131, 127, 144, 120, 92, 91, 135]
0
0
0
0
0
0
0
0
0
[145, 0, 135, 129, 125, 107, 103, 102, 148, 114, 102, 102, 112, 134, 113, 128, 122, 107, 122, 147, 97, 120, 0, 92]
[120, 101, 96, 0, 120, 117, 113, 0, 104, 148, 146, 136, 113, 124, 143, 90, 0, 0, 0, 0, 0, 102, 106, 93]
[102, 91, 0, 0, 97, 132, 124, 142, 0, 0, 0, 0, 112, 118, 94, 0, 0, 0, 99, 124, 140, 136, 96, 98]
[119, 120, 133, 103, 0, 119, 113, 138, 135, 146, 103, 118, 147, 122, 121, 0, 0, 0, 0, 119, 0, 117, 135, 141]
[115, 114, 0, 0, 0, 0, 94, 0, 107, 149, 0, 102, 0, 0, 118, 95, 149, 116, 125, 101, 0, 0, 140, 138]
0
0
[0, 117, 137, 103, 92, 0, 136, 103, 123, 146, 92, 133, 117, 137, 142, 125, 119, 149, 126, 132, 136, 111, 96, 114]
[0, 101, 0, 94, 0, 143, 101, 97, 96, 137, 99, 0, 90, 138, 122, 92, 138, 96, 129, 145, 125, 0, 0, 140]
[124, 94, 0, 112, 118, 118, 0, 121, 0, 112, 0, 138, 106, 0, 140, 126, 129, 127, 123, 143, 136, 117, 105, 125]
[0, 0, 126, 137, 91, 92, 104, 0, 148, 139, 134, 119, 106, 0, 124, 139, 145, 91, 125, 114, 102, 124, 0, 138]
[139, 0, 0, 122, 131, 90, 0, 0, 0, 96, 107, 97, 137, 0, 0, 0, 0, 0, 0, 0, 94, 131, 133, 109]
[0, 0, 0, 108, 132, 92, 128, 102, 144, 144, 110, 100, 0, 0, 0, 103, 110, 138, 110, 112, 91, 111, 114, 90]
[116, 0, 0, 104, 113, 129, 118, 137, 132, 0, 0, 0, 91, 109, 106, 139, 98, 131, 0, 0, 0, 0, 145, 116]
[104, 139, 0, 106, 113, 118, 126, 134, 98, 129, 94, 118, 117, 109, 104, 131, 133, 144, 0, 0, 0, 0, 0, 0]
[146, 130, 133, 0, 118, 107, 134, 133, 103, 145, 110, 113, 0, 0, 107, 134, 0, 120, 0, 0, 0, 0, 127, 112]
[0, 104, 0, 119, 0, 98, 93, 0, 143, 0, 0, 0, 124, 112, 101, 122, 104, 148, 0, 0, 0, 107, 136, 97]
0
0
[141, 130, 97, 137, 120, 116, 0, 0, 119, 136, 114, 107, 0, 0, 0, 143, 143, 122, 98, 137, 92, 0, 115, 94]
[0, 102, 92, 0, 107, 109, 138, 149, 134, 0, 0, 0, 103, 137, 143, 0, 0, 0, 127, 90, 0, 143, 92, 0]
0
0
0
0
0
0
0
0
0
0
[147, 117, 121, 0, 0, 0, 103, 0, 125, 140, 90, 140, 128, 140, 91, 131, 137, 115, 136, 0, 0, 0, 113, 142]
[100, 0, 0, 0, 0, 0, 132, 117, 136, 125, 0, 122, 94, 118, 130, 92, 145, 124, 111, 93, 142, 0, 98, 124]
[0, 134, 114, 146, 0, 142, 111, 140, 123, 100, 114, 145, 114, 98, 90, 137, 119, 111, 0, 0, 120, 124, 109, 118]
[143, 112, 107, 105, 130, 94, 133, 119, 92, 0, 0, 118, 137, 91, 128, 0, 108, 121, 0, 132, 0, 133, 98, 105]
[132, 92, 96, 149, 96, 119, 130, 101, 139, 149, 94, 109, 139, 109, 129, 147, 129, 125, 106, 139, 110, 0, 98, 130]
[0, 0, 0, 0, 100, 106, 131, 0, 118, 115, 118, 0, 105, 124, 101, 147, 110, 132, 99, 135, 118, 0, 0, 0]
[140, 145, 149, 99, 135, 134, 133, 0, 0, 0, 136, 114, 99, 0, 138, 147, 117, 133, 92, 103, 136, 97, 106, 137]
[107, 0, 97, 0, 0, 0, 101, 0, 0, 126, 97, 108, 147, 116, 129, 96, 0, 95, 0, 113, 99, 0, 0, 0]
[145, 132, 0, 0, 0, 0, 111, 93, 109, 0, 127, 99, 130, 135, 97, 141, 105, 99, 141, 94, 130, 0, 147, 115]
0
[104, 137, 115, 142, 134, 141, 0, 0, 0, 135, 116, 148, 0, 0, 0, 127, 100, 133, 0, 132, 124, 139, 101, 0]
[131, 117, 120, 102, 143, 130, 141, 124, 118, 114, 131, 106, 137, 119, 102, 145, 0, 109, 147, 113, 147, 138, 0, 99]
[0, 0, 0, 133, 149, 125, 90, 142, 114, 90, 98, 117, 90, 141, 90, 0, 0, 0, 0, 133, 141, 133, 148, 135]
[146, 97, 93, 123, 101, 125, 0, 92, 92, 0, 0, 0, 100, 122, 0, 0, 146, 0, 125, 95, 105, 0, 0, 0]
0
[98, 100, 121, 120, 120, 142, 143, 104, 0, 132, 115, 112, 101, 143, 130, 120, 108, 124, 141, 105, 135, 135, 0, 119]
[0, 93, 94, 0, 0, 105, 120, 92, 101, 127, 0, 139, 110, 126, 91, 93, 90, 0, 125, 0, 144, 142, 137, 0]
[0, 0, 0, 108, 144, 111, 0, 94, 132, 107, 0, 147, 96, 127, 149, 148, 143, 130, 120, 111, 0, 140, 130, 127]
0
0
0
0
0
0
0
0
0
0
0
0
0
[106, 147, 125, 0, 116, 111, 139, 136, 133, 125, 140, 133, 141, 147, 147, 92, 93, 149, 107, 103, 110, 127, 131, 111]
[0, 0, 0, 126, 0, 103, 0, 140, 131, 109, 0, 110, 133, 122, 142, 102, 128, 0, 95, 127, 101, 131, 0, 0]
[0, 132, 133, 145, 111, 138, 135, 102, 0, 0, 0, 0, 0, 0, 0, 125, 129, 0, 103, 109, 130, 119, 91, 120]
[118, 96, 126, 148, 107, 118, 141, 149, 95, 145, 148, 104, 126, 124, 118, 0, 0, 0, 0, 0, 0, 0, 0, 113]
[107, 134, 141, 0, 0, 0, 0, 125, 93, 138, 115, 100, 109, 148, 135, 148, 146, 0, 104, 92, 0, 118, 131, 0]
0
[0, 0, 0, 0, 0, 0, 132, 138, 131, 0, 133, 125, 95, 138, 124, 110, 125, 113, 136, 121, 136, 98, 120, 121]
[106, 143, 107, 108, 97, 102, 121, 119, 0, 0, 0, 0, 149, 116, 0, 135, 149, 92, 0, 133, 0, 0, 0, 0]
[137, 101, 106, 135, 130, 0, 136, 105, 131, 133, 121, 123, 138, 0, 0, 102, 123, 123, 0, 0, 132, 96, 112, 0]
0
[108, 124, 0, 142, 145, 0, 0, 0, 0, 95, 131, 125, 99, 0, 140, 0, 115, 0, 0, 0, 0, 0, 96, 93]
[114, 122, 108, 138, 0, 117, 145, 139, 129, 138, 0, 94, 118, 0, 0, 0, 0, 0, 124, 0, 125, 0, 0, 0]
[116, 97, 118, 0, 0, 147, 125, 0, 112, 129, 118, 114, 113, 0, 107, 123, 112, 0, 148, 129, 119, 97, 0, 90]
[102, 148, 132, 112, 100, 108, 100, 104, 141, 141, 142, 103, 113, 0, 130, 0, 119, 115, 102, 103, 103, 134, 137, 97]
[93, 0, 135, 0, 0, 0, 116, 0, 111, 0, 0, 0, 0, 136, 91, 139, 140, 111, 0, 92, 132, 118, 0, 123]
[0, 99, 126, 143, 0, 94, 0, 0, 0, 134, 147, 106, 148, 123, 106, 0, 95, 110, 0, 0, 0, 106, 0, 0]
[97, 148, 105, 91, 145, 110, 0, 102, 149, 0, 131, 0, 111, 0, 129, 121, 138, 102, 131, 102, 147, 145, 115, 146]
0
0
