[0, [300, 257, 174], 0, [443, 367, 221], [1003, 838, 529], [1386, 1228, 1101], [968, 745, 537], [1599, 1417, 880], [1071, 1128, 980], [1421, 1366, 979], 0, [2588, 2247, 1908], 0, [2720, 3252, 2016], 0, [3113, 3327, 2898], [4306, 3894, 3086], [2488, 2743, 2034], [4642, 3680, 3182], 0, 0, 0, 0, 0, 0, 0, 0, 0, 0, 0]
[[300, 257, 174], 0, [270, 257, 228], [527, 431, 273], 0, 0, 0, [866, 893, 611], [2095, 1854, 1299], [1573, 1856, 1204], [1430, 1233, 852], 0, 0, 0, 0, [3882, 3786, 2905], [1556, 1865, 1352], 0, [4102, 4693, 2845], [2988, 3083, 2060], 0, 0, 0, 0, 0, 0, 0, 0, 0, 0]
[0, [270, 257, 228], 0, [113, 133, 100], [573, 517, 331], 0, [899, 764, 480], [1562, 1312, 1127], [1326, 1360, 1036], [1294, 1024, 663], [1524, 1851, 1596], [1726, 2011, 1321], 0, [3036, 2981, 2431], [1285, 1541, 1165], [4238, 3374, 2080], 0, [4514, 3732, 2276], [3939, 3481, 2896], [2131, 2559, 1702], [3721, 3135, 2750], 0, 0, 0, 0, 0, 0, 0, 0, 0]
[[443, 367, 221], [527, 431, 273], [113, 133, 100], 0, [196, 174, 107], [604, 531, 409], [670, 741, 510], [837, 706, 475], [1062, 926, 583], [1452, 1631, 1014], [794, 869, 674], [1901, 2039, 1611], 0, [1207, 1218, 1014], [1772, 1635, 1116], [3812, 3168, 2650], [3317, 3059, 2497], [2902, 2301, 1403], [2876, 3150, 2491], 0, [3602, 2959, 1995], [3342, 2666, 1831], 0, 0, 0, 0, 0, 0, 0, 0]
[[1003, 838, 529], 0, [573, 517, 331], [196, 174, 107], 0, [239, 278, 205], 0, [869, 683, 453], [444, 526, 434], [730, 824, 740], [1494, 1264, 926], 0, [1180, 968, 737], [1794, 2009, 1362], 0, [3752, 3055, 2746], [1445, 1799, 1105], [2510, 2570, 1685], [3694, 3001, 2641], 0, [4251, 3918, 2453], [5024, 3888, 3058], [2782, 2522, 1568], 0, 0, 0, 0, 0, 0, 0]
[[1386, 1228, 1101], 0, 0, [604, 531, 409], [239, 278, 205], 0, [202, 221, 175], [479, 417, 309], [998, 777, 575], [660, 528, 451], [1398, 1197, 850], 0, [1105, 1048, 806], [1544, 1451, 922], [1447, 1694, 1307], [2990, 2404, 1911], [1453, 1627, 1160], [2723, 3322, 2636], [3500, 3294, 2039], [2993, 2701, 2022], [3966, 3189, 2118], [1786, 2160, 1491], [2749, 2756, 1663], [3406, 3562, 2637], 0, 0, 0, 0, 0, 0]
[[968, 745, 537], 0, [899, 764, 480], [670, 741, 510], 0, [202, 221, 175], 0, [318, 246, 207], [281, 284, 179], [552, 631, 545], [1123, 1060, 761], [961, 1109, 687], [996, 878, 757], [1559, 1830, 1331], 0, [1645, 2002, 1643], [1214, 1439, 944], 0, [1787, 1732, 1375], [2146, 2028, 1760], [1908, 1749, 1230], [2524, 2036, 1265], [3536, 3758, 2907], 0, [5954, 4828, 3396], 0, 0, 0, 0, 0]
[[1599, 1417, 880], [866, 893, 611], [1562, 1312, 1127], [837, 706, 475], [869, 683, 453], [479, 417, 309], [318, 246, 207], 0, [218, 194, 155], [329, 311, 277], [640, 514, 403], [876, 1025, 669], [1156, 1173, 828], [999, 861, 543], 0, [1523, 1564, 1139], [3216, 2508, 2126], [2010, 1767, 1502], 0, [1606, 1527, 1116], [2918, 2823, 2241], [3837, 3429, 2930], [3929, 3294, 2858], [3389, 3464, 2591], [5094, 4605, 2913], [4762, 4669, 3997], 0, 0, 0, 0]
[[1071, 1128, 980], [2095, 1854, 1299], [1326, 1360, 1036], [1062, 926, 583], [444, 526, 434], [998, 777, 575], [281, 284, 179], [218, 194, 155], 0, [295, 268, 223], [632, 515, 433], [619, 486, 321], [1267, 992, 708], 0, [1931, 1670, 1215], [1060, 1060, 731], [968, 1197, 804], [1398, 1387, 890], 0, [3483, 2910, 2599], 0, 0, [2884, 3087, 1968], [2176, 2104, 1842], 0, [4913, 4066, 2944], [2535, 2831, 2057], 0, 0, 0]
[[1421, 1366, 979], [1573, 1856, 1204], [1294, 1024, 663], [1452, 1631, 1014], [730, 824, 740], [660, 528, 451], [552, 631, 545], [329, 311, 277], [295, 268, 223], 0, [260, 265, 223], [310, 363, 281], [515, 627, 441], [1261, 1020, 700], [1086, 1100, 909], 0, 0, [1582, 1909, 1583], [1295, 1220, 893], [2627, 2062, 1733], [1246, 1343, 974], [3662, 2934, 1917], 0, [1514, 1877, 1282], [3944, 3671, 2243], [2638, 2330, 1594], [2971, 2578, 1719], [4761, 3862, 3152], 0, 0]
[0, [1430, 1233, 852], [1524, 1851, 1596], [794, 869, 674], [1494, 1264, 926], [1398, 1197, 850], [1123, 1060, 761], [640, 514, 403], [632, 515, 433], [260, 265, 223], 0, [124, 147, 113], 0, [811, 677, 509], 0, [1085, 1341, 1142], 0, [1787, 1914, 1486], [1785, 2104, 1285], [2095, 1934, 1378], [2105, 1682, 1248], [2106, 2037, 1537], [2301, 2033, 1292], [1704, 1578, 1108], [3412, 3055, 2171], [3065, 2536, 1570], 0, [4296, 3846, 2366], [3232, 2779, 1742], 0]
[[2588, 2247, 1908], 0, [1726, 2011, 1321], [1901, 2039, 1611], 0, 0, [961, 1109, 687], [876, 1025, 669], [619, 486, 321], [310, 363, 281], [124, 147, 113], 0, [208, 194, 122], [466, 414, 296], [821, 772, 590], 0, 0, [1232, 1036, 671], [2097, 1916, 1707], [1545, 1679, 1342], [2268, 2111, 1354], [2472, 2013, 1321], [1892, 1926, 1631], [2972, 3137, 2130], 0, [1789, 1780, 1392], [3157, 2475, 1874], [3140, 3561, 2307], [3751, 4392, 3050], [2907, 2266, 1558]]
[0, 0, 0, 0, [1180, 968, 737], [1105, 1048, 806], [996, 878, 757], [1156, 1173, 828], [1267, 992, 708], [515, 627, 441], 0, [208, 194, 122], 0, 0, [331, 384, 316], 0, [853, 684, 486], [1264, 1063, 935], [996, 767, 543], [1064, 1179, 904], 0, [1937, 1822, 1212], [2363, 2029, 1369], [2095, 1673, 1362], [2121, 2433, 2014], [2924, 3533, 3008], [3195, 2515, 2014], [3683, 3243, 2617], [2650, 2762, 1912], [3391, 3318, 2614]]
[[2720, 3252, 2016], 0, [3036, 2981, 2431], [1207, 1218, 1014], [1794, 2009, 1362], [1544, 1451, 922], [1559, 1830, 1331], [999, 861, 543], 0, [1261, 1020, 700], [811, 677, 509], [466, 414, 296], 0, 0, 0, [341, 335, 255], [615, 514, 354], [885, 1080, 832], [610, 757, 628], [1315, 1106, 974], [1377, 1316, 1106], 0, [2328, 2343, 1701], [2719, 2691, 2145], [2924, 3015, 2575], [2499, 2095, 1459], 0, [3148, 3150, 2271], [4212, 3804, 2804], [3448, 2900, 2603]]
[0, 0, [1285, 1541, 1165], [1772, 1635, 1116], 0, [1447, 1694, 1307], 0, 0, [1931, 1670, 1215], [1086, 1100, 909], 0, [821, 772, 590], [331, 384, 316], 0, 0, 0, [353, 343, 257], [741, 790, 606], [607, 571, 509], [1625, 1312, 941], [824, 873, 706], 0, [1013, 995, 815], [1533, 1718, 1140], [1725, 1496, 976], [3417, 3075, 2764], [2473, 2344, 2026], 0, [1920, 1699, 1154], [2516, 2115, 1520]]
[[3113, 3327, 2898], [3882, 3786, 2905], [4238, 3374, 2080], [3812, 3168, 2650], [3752, 3055, 2746], [2990, 2404, 1911], [1645, 2002, 1643], [1523, 1564, 1139], [1060, 1060, 731], 0, [1085, 1341, 1142], 0, 0, [341, 335, 255], 0, 0, [235, 223, 197], [272, 284, 217], [735, 744, 476], [1034, 985, 792], 0, [1094, 902, 803], 0, [984, 1142, 825], [2678, 2171, 1336], [2383, 2068, 1465], [3525, 2809, 2224], 0, [1674, 1881, 1158], [3874, 3904, 3411]]
[[4306, 3894, 3086], [1556, 1865, 1352], 0, [3317, 3059, 2497], [1445, 1799, 1105], [1453, 1627, 1160], [1214, 1439, 944], [3216, 2508, 2126], [968, 1197, 804], 0, 0, 0, [853, 684, 486], [615, 514, 354], [353, 343, 257], [235, 223, 197], 0, 0, [418, 345, 304], [691, 681, 605], [698, 862, 590], [881, 685, 579], [1111, 1193, 948], [1863, 1955, 1536], [1978, 2149, 1625], [1567, 1362, 974], [1154, 1283, 830], [2613, 2981, 2535], [1558, 1843, 1355], 0]
[[2488, 2743, 2034], 0, [4514, 3732, 2276], [2902, 2301, 1403], [2510, 2570, 1685], [2723, 3322, 2636], 0, [2010, 1767, 1502], [1398, 1387, 890], [1582, 1909, 1583], [1787, 1914, 1486], [1232, 1036, 671], [1264, 1063, 935], [885, 1080, 832], [741, 790, 606], [272, 284, 217], 0, 0, [163, 137, 109], [416, 339, 211], [926, 827, 553], [912, 958, 771], [1225, 1143, 758], [1392, 1405, 851], [1079, 1111, 903], [1310, 1279, 988], 0, [2511, 2286, 2013], [2769, 2761, 2446], [2807, 2311, 1659]]
[[4642, 3680, 3182], [4102, 4693, 2845], [3939, 3481, 2896], [2876, 3150, 2491], [3694, 3001, 2641], [3500, 3294, 2039], [1787, 1732, 1375], 0, 0, [1295, 1220, 893], [1785, 2104, 1285], [2097, 1916, 1707], [996, 767, 543], [610, 757, 628], [607, 571, 509], [735, 744, 476], [418, 345, 304], [163, 137, 109], 0, [136, 126, 80], [522, 459, 296], 0, [964, 770, 539], [950, 1187, 739], [796, 754, 482], [751, 911, 756], [1776, 2147, 1591], [1834, 1649, 1095], [3042, 2529, 1600], [1941, 2306, 1462]]
[0, [2988, 3083, 2060], [2131, 2559, 1702], 0, 0, [2993, 2701, 2022], [2146, 2028, 1760], [1606, 1527, 1116], [3483, 2910, 2599], [2627, 2062, 1733], [2095, 1934, 1378], [1545, 1679, 1342], [1064, 1179, 904], [1315, 1106, 974], [1625, 1312, 941], [1034, 985, 792], [691, 681, 605], [416, 339, 211], [136, 126, 80], 0, [164, 152, 102], 0, [641, 749, 507], [533, 512, 332], [1395, 1381, 1131], 0, [1526, 1600, 996], [1707, 1673, 1398], 0, [2920, 2377, 2109]]
[0, 0, [3721, 3135, 2750], [3602, 2959, 1995], [4251, 3918, 2453], [3966, 3189, 2118], [1908, 1749, 1230], [2918, 2823, 2241], 0, [1246, 1343, 974], [2105, 1682, 1248], [2268, 2111, 1354], 0, [1377, 1316, 1106], [824, 873, 706], 0, [698, 862, 590], [926, 827, 553], [522, 459, 296], [164, 152, 102], 0, [168, 198, 136], 0, 0, 0, [1084, 928, 740], [1761, 1612, 1221], [1490, 1157, 932], [1902, 1570, 967], 0]
[0, 0, 0, [3342, 2666, 1831], [5024, 3888, 3058], [1786, 2160, 1491], [2524, 2036, 1265], [3837, 3429, 2930], 0, [3662, 2934, 1917], [2106, 2037, 1537], [2472, 2013, 1321], [1937, 1822, 1212], 0, 0, [1094, 902, 803], [881, 685, 579], [912, 958, 771], 0, 0, [168, 198, 136], 0, [234, 266, 193], [500, 549, 365], [663, 597, 445], [1401, 1107, 983], [622, 708, 446], [1849, 1547, 1389], [944, 1164, 808], [1651, 1341, 815]]
[0, 0, 0, 0, [2782, 2522, 1568], [2749, 2756, 1663], [3536, 3758, 2907], [3929, 3294, 2858], [2884, 3087, 1968], 0, [2301, 2033, 1292], [1892, 1926, 1631], [2363, 2029, 1369], [2328, 2343, 1701], [1013, 995, 815], 0, [1111, 1193, 948], [1225, 1143, 758], [964, 770, 539], [641, 749, 507], 0, [234, 266, 193], 0, [144, 154, 104], [431, 499, 306], [726, 604, 497], [503, 557, 390], [1131, 1306, 963], [1481, 1564, 1037], [1462, 1608, 1238]]
[0, 0, 0, 0, 0, [3406, 3562, 2637], 0, [3389, 3464, 2591], [2176, 2104, 1842], [1514, 1877, 1282], [1704, 1578, 1108], [2972, 3137, 2130], [2095, 1673, 1362], [2719, 2691, 2145], [1533, 1718, 1140], [984, 1142, 825], [1863, 1955, 1536], [1392, 1405, 851], [950, 1187, 739], [533, 512, 332], 0, [500, 549, 365], [144, 154, 104], 0, [275, 231, 154], [324, 373, 239], 0, [720, 605, 399], [910, 736, 641], [1540, 1568, 1314]]
[0, 0, 0, 0, 0, 0, [5954, 4828, 3396], [5094, 4605, 2913], 0, [3944, 3671, 2243], [3412, 3055, 2171], 0, [2121, 2433, 2014], [2924, 3015, 2575], [1725, 1496, 976], [2678, 2171, 1336], [1978, 2149, 1625], [1079, 1111, 903], [796, 754, 482], [1395, 1381, 1131], 0, [663, 597, 445], [431, 499, 306], [275, 231, 154], 0, [206, 162, 117], [310, 244, 194], [1034, 826, 585], 0, [881, 956, 794]]
[0, 0, 0, 0, 0, 0, 0, [4762, 4669, 3997], [4913, 4066, 2944], [2638, 2330, 1594], [3065, 2536, 1570], [1789, 1780, 1392], [2924, 3533, 3008], [2499, 2095, 1459], [3417, 3075, 2764], [2383, 2068, 1465], [1567, 1362, 974], [1310, 1279, 988], [751, 911, 756], 0, [1084, 928, 740], [1401, 1107, 983], [726, 604, 497], [324, 373, 239], [206, 162, 117], 0, [230, 231, 197], [351, 337, 245], [930, 777, 557], [680, 583, 484]]
[0, 0, 0, 0, 0, 0, 0, 0, [2535, 2831, 2057], [2971, 2578, 1719], 0, [3157, 2475, 1874], [3195, 2515, 2014], 0, [2473, 2344, 2026], [3525, 2809, 2224], [1154, 1283, 830], 0, [1776, 2147, 1591], [1526, 1600, 996], [1761, 1612, 1221], [622, 708, 446], [503, 557, 390], 0, [310, 244, 194], [230, 231, 197], 0, 0, [353, 291, 177], [602, 691, 578]]
[0, 0, 0, 0, 0, 0, 0, 0, 0, [4761, 3862, 3152], [4296, 3846, 2366], [3140, 3561, 2307], [3683, 3243, 2617], [3148, 3150, 2271], 0, 0, [2613, 2981, 2535], [2511, 2286, 2013], [1834, 1649, 1095], [1707, 1673, 1398], [1490, 1157, 932], [1849, 1547, 1389], [1131, 1306, 963], [720, 605, 399], [1034, 826, 585], [351, 337, 245], 0, 0, [223, 196, 161], [433, 347, 246]]
[0, 0, 0, 0, 0, 0, 0, 0, 0, 0, [3232, 2779, 1742], [3751, 4392, 3050], [2650, 2762, 1912], [4212, 3804, 2804], [1920, 1699, 1154], [1674, 1881, 1158], [1558, 1843, 1355], [2769, 2761, 2446], [3042, 2529, 1600], 0, [1902, 1570, 967], [944, 1164, 808], [1481, 1564, 1037], [910, 736, 641], 0, [930, 777, 557], [353, 291, 177], [223, 196, 161], 0, 0]
[0, 0, 0, 0, 0, 0, 0, 0, 0, 0, 0, [2907, 2266, 1558], [3391, 3318, 2614], [3448, 2900, 2603], [2516, 2115, 1520], [3874, 3904, 3411], 0, [2807, 2311, 1659], [1941, 2306, 1462], [2920, 2377, 2109], 0, [1651, 1341, 815], [1462, 1608, 1238], [1540, 1568, 1314], [881, 956, 794], [680, 583, 484], [602, 691, 578], [433, 347, 246], 0, 0]
