[0, [134, 161, 105], 0, [405, 437, 315], [841, 985, 638], [1081, 1136, 871], [1298, 1062, 906], [1100, 1353, 1161], [814, 992, 663], [1435, 1165, 840], [2236, 2702, 2033], 0, 0, [4273, 3438, 2481], [3722, 3078, 2369], 0, [4625, 4328, 3329], [4429, 4166, 2511], [3613, 3039, 1977], 0, 0, 0, 0, 0, 0, 0, 0, 0, 0, 0, 0]
[[134, 161, 105], 0, [293, 266, 198], [395, 406, 254], [885, 761, 659], [499, 541, 402], [1455, 1194, 753], [1363, 1097, 971], [1505, 1415, 946], [1441, 1245, 1076], 0, [1451, 1730, 1167], [1912, 2154, 1822], [2285, 2666, 2288], 0, [1809, 2176, 1718], [3851, 3470, 2724], [3345, 2822, 1768], [3361, 3882, 3153], [3473, 3193, 2452], 0, 0, 0, 0, 0, 0, 0, 0, 0, 0, 0]
[0, [293, 266, 198], 0, 0, [341, 342, 247], [344, 423, 331], [893, 1010, 824], [1238, 1278, 948], [775, 897, 591], [1094, 1043, 881], [1759, 2006, 1528], [1551, 1320, 1095], 0, [1349, 1672, 1189], [1951, 1799, 1405], 0, [1658, 1887, 1382], [3249, 3895, 2976], [2835, 2307, 1431], [3589, 4119, 3359], [3507, 3743, 3232], 0, 0, 0, 0, 0, 0, 0, 0, 0, 0]
[[405, 437, 315], [395, 406, 254], 0, 0, [131, 149, 89], [267, 264, 171], [533, 419, 333], [806, 995, 758], [1064, 895, 575], [1126, 1229, 846], [2036, 1885, 1222], [1343, 1548, 1143], [2094, 2430, 1851], [2402, 1903, 1213], [2253, 1816, 1157], [2945, 3112, 2278], [3341, 3202, 2693], [3589, 3242, 2136], [3630, 2890, 2179], [1671, 2017, 1745], [3779, 3203, 2471], [4324, 3944, 3008], 0, 0, 0, 0, 0, 0, 0, 0, 0]
[[841, 985, 638], [885, 761, 659], [341, 342, 247], [131, 149, 89], 0, [240, 195, 164], [500, 472, 312], [943, 757, 615], 0, [893, 719, 631], 0, [901, 1009, 788], [1140, 1097, 797], [1340, 1107, 913], [1441, 1597, 1332], [1816, 1840, 1316], [1957, 1923, 1383], [1975, 1855, 1131], [2218, 2183, 1331], [3319, 3797, 2968], [2238, 2627, 1927], [2775, 2353, 1948], [3996, 4630, 3229], 0, 0, 0, 0, 0, 0, 0, 0]
[[1081, 1136, 871], [499, 541, 402], [344, 423, 331], [267, 264, 171], [240, 195, 164], 0, 0, [434, 459, 335], [600, 474, 309], 0, [1087, 1068, 949], [1690, 1585, 1284], [1930, 1515, 1090], [1297, 1249, 777], [2434, 1929, 1343], [1619, 1278, 1023], 0, [3170, 3075, 2732], [2242, 2288, 1579], [2720, 2128, 1856], [3751, 3119, 2665], [2424, 2312, 2002], [5342, 4576, 4075], 0, 0, 0, 0, 0, 0, 0, 0]
[[1298, 1062, 906], [1455, 1194, 753], [893, 1010, 824], [533, 419, 333], [500, 472, 312], 0, 0, [168, 173, 139], [569, 504, 408], [694, 609, 468], [581, 521, 410], [837, 1001, 872], 0, [1556, 1226, 1056], [2169, 2052, 1232], [2076, 1695, 1322], [1233, 1254, 854], [2448, 2777, 2063], [2979, 2465, 2203], [2286, 2552, 1595], [2260, 2067, 1272], [2179, 2119, 1571], [3928, 3526, 2628], [2617, 2668, 2109], [3158, 2824, 2276], 0, 0, 0, 0, 0, 0]
[[1100, 1353, 1161], [1363, 1097, 971], [1238, 1278, 948], [806, 995, 758], [943, 757, 615], [434, 459, 335], [168, 173, 139], 0, [233, 201, 121], [388, 310, 262], [778, 601, 508], [1300, 1077, 836], [659, 625, 513], 0, [1582, 1335, 1120], [1518, 1282, 1020], [2197, 2217, 1419], 0, [2801, 2268, 1872], [2227, 2676, 1648], [2014, 2001, 1502], [3588, 3126, 2341], [3647, 3246, 2253], [2118, 2380, 1898], [3053, 2825, 1695], 0, 0, 0, 0, 0, 0]
[[814, 992, 663], [1505, 1415, 946], [775, 897, 591], [1064, 895, 575], 0, [600, 474, 309], [569, 504, 408], [233, 201, 121], 0, [137, 143, 115], [352, 338, 208], [718, 803, 616], [1028, 864, 566], [1005, 916, 683], [901, 793, 480], [1768, 1437, 1210], 0, [1809, 1709, 1527], 0, [2738, 2612, 2094], [2370, 2498, 1803], 0, [2672, 2784, 1896], [3659, 2963, 1988], [2890, 3282, 2172], 0, [1953, 2389, 1769], 0, 0, 0, 0]
[[1435, 1165, 840], [1441, 1245, 1076], [1094, 1043, 881], [1126, 1229, 846], [893, 719, 631], 0, [694, 609, 468], [388, 310, 262], [137, 143, 115], 0, [204, 230, 156], [457, 424, 294], [458, 372, 239], [867, 819, 551], [1316, 1047, 909], [1460, 1467, 1155], [1143, 986, 592], [1558, 1743, 1251], [1513, 1584, 1212], 0, [1806, 2031, 1812], 0, [2858, 2608, 2211], [4782, 3726, 2446], [3824, 3280, 2636], 0, 0, [2402, 2221, 1593], 0, 0, 0]
[[2236, 2702, 2033], 0, [1759, 2006, 1528], [2036, 1885, 1222], 0, [1087, 1068, 949], [581, 521, 410], [778, 601, 508], [352, 338, 208], [204, 230, 156], 0, [248, 221, 163], [491, 475, 289], [860, 710, 427], [903, 813, 684], [907, 808, 701], [653, 756, 483], [1097, 1299, 823], [1204, 1050, 648], [2057, 1877, 1607], [2421, 2127, 1870], [1369, 1316, 955], 0, 0, [3074, 2805, 2296], [3273, 3577, 2572], [2427, 2765, 1805], 0, [5365, 4625, 2923], 0, 0]
[0, [1451, 1730, 1167], [1551, 1320, 1095], [1343, 1548, 1143], [901, 1009, 788], [1690, 1585, 1284], [837, 1001, 872], [1300, 1077, 836], [718, 803, 616], [457, 424, 294], [248, 221, 163], 0, [183, 168, 101], [617, 531, 340], [783, 748, 461], [897, 822, 646], [1222, 1089, 706], [1314, 1151, 836], [1698, 1695, 1314], [1088, 1026, 742], 0, 0, [2197, 2491, 1938], 0, 0, [1747, 2139, 1442], [2257, 2225, 1895], [5230, 4327, 3574], [4553, 3573, 2423], 0, 0]
[0, [1912, 2154, 1822], 0, [2094, 2430, 1851], [1140, 1097, 797], [1930, 1515, 1090], 0, [659, 625, 513], [1028, 864, 566], [458, 372, 239], [491, 475, 289], [183, 168, 101], 0, [216, 173, 108], [422, 326, 224], [464, 425, 290], [985, 961, 726], 0, [1117, 1128, 726], 0, [1341, 1407, 1163], [1701, 1696, 1148], [3196, 2655, 2315], [2748, 2965, 2568], [1516, 1818, 1531], [1609, 1911, 1426], [3047, 3255, 2886], [1788, 1888, 1156], [2480, 2231, 1422], [4479, 4439, 2771], [5835, 4835, 4333]]
[[4273, 3438, 2481], [2285, 2666, 2288], [1349, 1672, 1189], [2402, 1903, 1213], [1340, 1107, 913], [1297, 1249, 777], [1556, 1226, 1056], 0, [1005, 916, 683], [867, 819, 551], [860, 710, 427], [617, 531, 340], [216, 173, 108], 0, [157, 194, 146], [285, 271, 183], [674, 542, 358], [1089, 1015, 833], [974, 798, 572], [587, 707, 578], [1670, 1309, 1061], [2379, 1940, 1424], [1856, 1905, 1617], [1644, 1376, 931], [2492, 2071, 1754], [2572, 3051, 2132], [2139, 1975, 1451], [3355, 2938, 2548], [2874, 3160, 2441], [2931, 3039, 2615], [1850, 2280, 2027]]
[[3722, 3078, 2369], 0, [1951, 1799, 1405], [2253, 1816, 1157], [1441, 1597, 1332], [2434, 1929, 1343], [2169, 2052, 1232], [1582, 1335, 1120], [901, 793, 480], [1316, 1047, 909], [903, 813, 684], [783, 748, 461], [422, 326, 224], [157, 194, 146], 0, [263, 237, 194], [650, 526, 331], 0, [947, 1003, 893], 0, 0, 0, [1130, 1032, 923], [2081, 2402, 1754], 0, [1830, 1945, 1278], 0, [2507, 2694, 1748], [1964, 1773, 1561], [2695, 3092, 2588], 0]
[0, [1809, 2176, 1718], 0, [2945, 3112, 2278], [1816, 1840, 1316], [1619, 1278, 1023], [2076, 1695, 1322], [1518, 1282, 1020], [1768, 1437, 1210], [1460, 1467, 1155], [907, 808, 701], [897, 822, 646], [464, 425, 290], [285, 271, 183], [263, 237, 194], 0, [277, 245, 174], [302, 339, 249], [663, 630, 493], 0, [1359, 1101, 903], [2035, 1580, 1095], 0, [1730, 1989, 1432], [1969, 1832, 1638], [2465, 1969, 1586], [1948, 1603, 1400], [1440, 1560, 1018], 0, [3318, 3261, 2154], 0]
[[4625, 4328, 3329], [3851, 3470, 2724], [1658, 1887, 1382], [3341, 3202, 2693], [1957, 1923, 1383], 0, [1233, 1254, 854], [2197, 2217, 1419], 0, [1143, 986, 592], [653, 756, 483], [1222, 1089, 706], [985, 961, 726], [674, 542, 358], [650, 526, 331], [277, 245, 174], 0, [196, 226, 178], [452, 350, 309], [429, 507, 418], [602, 533, 436], [570, 704, 625], 0, [1894, 1763, 1451], [967, 1118, 868], [2263, 2406, 2022], [2293, 1857, 1258], [1580, 1283, 836], [3154, 2748, 2026], [1513, 1595, 1411], [3129, 3779, 2339]]
[[4429, 4166, 2511], [3345, 2822, 1768], [3249, 3895, 2976], [3589, 3242, 2136], [1975, 1855, 1131], [3170, 3075, 2732], [2448, 2777, 2063], 0, [1809, 1709, 1527], [1558, 1743, 1251], [1097, 1299, 823], [1314, 1151, 836], 0, [1089, 1015, 833], 0, [302, 339, 249], [196, 226, 178], 0, [183, 142, 124], [476, 415, 275], [648, 747, 463], [656, 522, 327], 0, [1950, 1610, 986], [875, 904, 572], 0, [2145, 2394, 2093], [1434, 1589, 1333], [1452, 1517, 1108], [2492, 2208, 1532], 0]
[[3613, 3039, 1977], [3361, 3882, 3153], [2835, 2307, 1431], [3630, 2890, 2179], [2218, 2183, 1331], [2242, 2288, 1579], [2979, 2465, 2203], [2801, 2268, 1872], 0, [1513, 1584, 1212], [1204, 1050, 648], [1698, 1695, 1314], [1117, 1128, 726], [974, 798, 572], [947, 1003, 893], [663, 630, 493], [452, 350, 309], [183, 142, 124], 0, [171, 190, 157], 0, [534, 609, 382], [576, 662, 526], [659, 675, 439], 0, [863, 861, 587], [1364, 1096, 813], [1309, 1114, 934], [2422, 2496, 1645], [2535, 2039, 1600], [3943, 3059, 2562]]
[0, [3473, 3193, 2452], [3589, 4119, 3359], [1671, 2017, 1745], [3319, 3797, 2968], [2720, 2128, 1856], [2286, 2552, 1595], [2227, 2676, 1648], [2738, 2612, 2094], 0, [2057, 1877, 1607], [1088, 1026, 742], 0, [587, 707, 578], 0, 0, [429, 507, 418], [476, 415, 275], [171, 190, 157], 0, [198, 220, 140], [311, 278, 214], [511, 607, 427], [1065, 1050, 683], 0, [1946, 1541, 1231], [1086, 903, 727], 0, 0, [2328, 2413, 1541], [1903, 1568, 1354]]
[0, 0, [3507, 3743, 3232], [3779, 3203, 2471], [2238, 2627, 1927], [3751, 3119, 2665], [2260, 2067, 1272], [2014, 2001, 1502], [2370, 2498, 1803], [1806, 2031, 1812], [2421, 2127, 1870], 0, [1341, 1407, 1163], [1670, 1309, 1061], 0, [1359, 1101, 903], [602, 533, 436], [648, 747, 463], 0, [198, 220, 140], 0, [206, 223, 171], [467, 405, 354], [467, 463, 364], [805, 694, 487], [1230, 1053, 890], [1819, 1605, 1043], [1409, 1502, 1254], [2579, 2166, 1489], [2027, 1729, 1357], [2947, 2332, 1986]]
[0, 0, 0, [4324, 3944, 3008], [2775, 2353, 1948], [2424, 2312, 2002], [2179, 2119, 1571], [3588, 3126, 2341], 0, 0, [1369, 1316, 955], 0, [1701, 1696, 1148], [2379, 1940, 1424], 0, [2035, 1580, 1095], [570, 704, 625], [656, 522, 327], [534, 609, 382], [311, 278, 214], [206, 223, 171], 0, [153, 176, 119], [235, 251, 186], [468, 474, 309], [1188, 965, 599], 0, [845, 703, 471], [1806, 1546, 1015], [1086, 1139, 992], [2414, 2264, 2009]]
[0, 0, 0, 0, [3996, 4630, 3229], [5342, 4576, 4075], [3928, 3526, 2628], [3647, 3246, 2253], [2672, 2784, 1896], [2858, 2608, 2211], 0, [2197, 2491, 1938], [3196, 2655, 2315], [1856, 1905, 1617], [1130, 1032, 923], 0, 0, 0, [576, 662, 526], [511, 607, 427], [467, 405, 354], [153, 176, 119], 0, [157, 192, 141], [509, 434, 273], [792, 625, 394], [568, 464, 409], [807, 957, 801], [1030, 1175, 797], [1095, 1301, 946], [1620, 1787, 1190]]
[0, 0, 0, 0, 0, 0, [2617, 2668, 2109], [2118, 2380, 1898], [3659, 2963, 1988], [4782, 3726, 2446], 0, 0, [2748, 2965, 2568], [1644, 1376, 931], [2081, 2402, 1754], [1730, 1989, 1432], [1894, 1763, 1451], [1950, 1610, 986], [659, 675, 439], [1065, 1050, 683], [467, 463, 364], [235, 251, 186], [157, 192, 141], 0, [180, 183, 153], [262, 285, 192], [316, 365, 254], [1041, 1059, 929], [807, 772, 549], [615, 744, 663], 0]
[0, 0, 0, 0, 0, 0, [3158, 2824, 2276], [3053, 2825, 1695], [2890, 3282, 2172], [3824, 3280, 2636], [3074, 2805, 2296], 0, [1516, 1818, 1531], [2492, 2071, 1754], 0, [1969, 1832, 1638], [967, 1118, 868], [875, 904, 572], 0, 0, [805, 694, 487], [468, 474, 309], [509, 434, 273], [180, 183, 153], 0, [229, 179, 124], [507, 446, 303], [351, 427, 311], [630, 505, 379], [1114, 1083, 890], 0]
[0, 0, 0, 0, 0, 0, 0, 0, 0, 0, [3273, 3577, 2572], [1747, 2139, 1442], [1609, 1911, 1426], [2572, 3051, 2132], [1830, 1945, 1278], [2465, 1969, 1586], [2263, 2406, 2022], 0, [863, 861, 587], [1946, 1541, 1231], [1230, 1053, 890], [1188, 965, 599], [792, 625, 394], [262, 285, 192], [229, 179, 124], 0, [235, 253, 177], [415, 382, 297], 0, [881, 727, 653], [1224, 1273, 826]]
[0, 0, 0, 0, 0, 0, 0, 0, [1953, 2389, 1769], 0, [2427, 2765, 1805], [2257, 2225, 1895], [3047, 3255, 2886], [2139, 1975, 1451], 0, [1948, 1603, 1400], [2293, 1857, 1258], [2145, 2394, 2093], [1364, 1096, 813], [1086, 903, 727], [1819, 1605, 1043], 0, [568, 464, 409], [316, 365, 254], [507, 446, 303], [235, 253, 177], 0, [130, 119, 94], 0, [810, 648, 455], [687, 759, 606]]
[0, 0, 0, 0, 0, 0, 0, 0, 0, [2402, 2221, 1593], 0, [5230, 4327, 3574], [1788, 1888, 1156], [3355, 2938, 2548], [2507, 2694, 1748], [1440, 1560, 1018], [1580, 1283, 836], [1434, 1589, 1333], [1309, 1114, 934], 0, [1409, 1502, 1254], [845, 703, 471], [807, 957, 801], [1041, 1059, 929], [351, 427, 311], [415, 382, 297], [130, 119, 94], 0, [225, 225, 135], [512, 524, 393], [627, 579, 433]]
[0, 0, 0, 0, 0, 0, 0, 0, 0, 0, [5365, 4625, 2923], [4553, 3573, 2423], [2480, 2231, 1422], [2874, 3160, 2441], [1964, 1773, 1561], 0, [3154, 2748, 2026], [1452, 1517, 1108], [2422, 2496, 1645], 0, [2579, 2166, 1489], [1806, 1546, 1015], [1030, 1175, 797], [807, 772, 549], [630, 505, 379], 0, 0, [225, 225, 135], 0, [124, 135, 108], [343, 400, 248]]
[0, 0, 0, 0, 0, 0, 0, 0, 0, 0, 0, 0, [4479, 4439, 2771], [2931, 3039, 2615], [2695, 3092, 2588], [3318, 3261, 2154], [1513, 1595, 1411], [2492, 2208, 1532], [2535, 2039, 1600], [2328, 2413, 1541], [2027, 1729, 1357], [1086, 1139, 992], [1095, 1301, 946], [615, 744, 663], [1114, 1083, 890], [881, 727, 653], [810, 648, 455], [512, 524, 393], [124, 135, 108], 0, 0]
[0, 0, 0, 0, 0, 0, 0, 0, 0, 0, 0, 0, [5835, 4835, 4333], [1850, 2280, 2027], 0, 0, [3129, 3779, 2339], 0, [3943, 3059, 2562], [1903, 1568, 1354], [2947, 2332, 1986], [2414, 2264, 2009], [1620, 1787, 1190], 0, 0, [1224, 1273, 826], [687, 759, 606], [627, 579, 433], [343, 400, 248], 0, 0]
