0
[102, 107, 0, 115, 0, 122, 135, 136, 146, 105, 127, 100, 93, 149, 135, 116, 106, 104, 133, 149, 101, 0, 115, 138]
0
[0, 0, 0, 0, 112, 96, 126, 126, 106, 134, 114, 0, 0, 98, 0, 109, 106, 127, 143, 131, 125, 0, 0, 0]
[100, 141, 0, 97, 109, 94, 141, 139, 0, 130, 0, 104, 131, 128, 129, 131, 108, 139, 0, 0, 0, 148, 137, 0]
[137, 111, 0, 105, 99, 128, 119, 109, 127, 0, 135, 126, 0, 0, 0, 146, 0, 135, 97, 118, 95, 123, 100, 132]
[99, 105, 97, 137, 129, 106, 132, 110, 0, 97, 133, 145, 0, 139, 114, 0, 0, 0, 0, 0, 0, 129, 142, 124]
[127, 120, 140, 135, 105, 95, 117, 127, 106, 0, 106, 108, 125, 0, 114, 114, 0, 136, 107, 113, 142, 110, 92, 114]
[0, 0, 0, 121, 0, 116, 127, 143, 91, 133, 93, 129, 131, 124, 145, 0, 0, 119, 119, 137, 95, 0, 122, 119]
[139, 100, 0, 129, 123, 100, 0, 108, 0, 91, 113, 100, 148, 119, 132, 120, 0, 131, 118, 125, 96, 112, 100, 148]
[94, 106, 149, 127, 140, 127, 102, 0, 92, 133, 119, 110, 96, 106, 110, 99, 116, 0, 0, 122, 0, 147, 144, 141]
0
0
[138, 146, 0, 139, 0, 91, 122, 140, 118, 91, 108, 110, 0, 0, 113, 0, 121, 134, 92, 0, 0, 117, 115, 145]
[93, 148, 98, 120, 0, 106, 149, 101, 0, 0, 95, 131, 139, 133, 125, 95, 92, 0, 116, 132, 144, 0, 121, 119]
0
[0, 113, 125, 102, 0, 142, 139, 121, 0, 101, 0, 94, 101, 0, 138, 0, 125, 126, 107, 141, 91, 132, 0, 129]
[137, 0, 0, 0, 0, 0, 115, 131, 123, 97, 146, 138, 128, 122, 0, 141, 0, 0, 138, 98, 149, 122, 0, 127]
[132, 0, 132, 0, 0, 112, 90, 0, 114, 90, 144, 118, 105, 97, 126, 145, 99, 102, 92, 117, 96, 143, 117, 0]
0
0
0
0
0
0
0
0
0
0
0
0
[99, 94, 114, 106, 91, 94, 0, 0, 0, 119, 98, 101, 103, 102, 104, 113, 111, 101, 129, 142, 121, 112, 132, 124]
0
[144, 121, 126, 98, 113, 148, 0, 0, 0, 149, 140, 112, 0, 0, 0, 130, 113, 0, 110, 90, 147, 103, 103, 110]
[0, 0, 0, 117, 93, 130, 135, 135, 94, 90, 128, 0, 139, 125, 142, 117, 131, 143, 126, 0, 141, 0, 0, 0]
[146, 119, 112, 96, 99, 109, 117, 0, 0, 90, 112, 0, 90, 0, 97, 125, 138, 139, 140, 136, 99, 97, 130, 115]
[0, 133, 123, 0, 0, 0, 0, 121, 136, 0, 0, 0, 99, 111, 101, 119, 137, 116, 107, 101, 99, 131, 113, 136]
[120, 121, 128, 0, 97, 0, 0, 0, 130, 0, 0, 0, 118, 0, 133, 0, 105, 135, 120, 92, 146, 0, 131, 146]
[131, 0, 0, 92, 103, 0, 0, 0, 0, 0, 117, 110, 110, 109, 116, 136, 97, 114, 124, 98, 113, 133, 103, 141]
[129, 107, 111, 0, 145, 143, 0, 0, 0, 130, 142, 138, 111, 0, 147, 0, 134, 104, 112, 100, 0, 132, 0, 111]
[139, 145, 119, 0, 0, 0, 100, 128, 95, 100, 106, 0, 94, 138, 140, 0, 107, 96, 0, 0, 0, 142, 131, 106]
0
[0, 0, 0, 94, 102, 95, 129, 129, 146, 100, 0, 143, 0, 124, 124, 114, 146, 101, 118, 108, 131, 0, 0, 0]
[112, 93, 124, 135, 142, 129, 0, 0, 0, 93, 141, 103, 127, 114, 141, 101, 126, 92, 140, 149, 121, 0, 0, 0]
[115, 92, 97, 147, 0, 0, 106, 134, 147, 0, 144, 111, 102, 119, 145, 109, 0, 116, 112, 120, 145, 145, 133, 131]
0
[139, 105, 0, 0, 0, 146, 0, 0, 0, 0, 139, 141, 147, 96, 0, 0, 0, 0, 0, 0, 0, 117, 99, 0]
[142, 133, 124, 116, 120, 139, 90, 118, 109, 0, 0, 96, 118, 95, 99, 105, 99, 107, 121, 129, 90, 96, 90, 108]
[140, 0, 147, 0, 0, 0, 96, 134, 145, 118, 92, 96, 91, 104, 0, 99, 0, 136, 140, 110, 130, 0, 0, 0]
[0, 110, 98, 0, 0, 115, 143, 0, 110, 0, 127, 121, 100, 126, 98, 133, 99, 135, 138, 102, 147, 125, 140, 123]
[117, 110, 147, 0, 0, 0, 93, 121, 145, 0, 135, 94, 122, 140, 0, 0, 135, 127, 0, 127, 102, 0, 111, 140]
0
0
0
0
0
0
0
0
0
0
0
0
[144, 118, 101, 100, 125, 125, 117, 0, 130, 95, 133, 121, 95, 149, 111, 0, 0, 0, 0, 0, 0, 114, 0, 109]
0
0
[120, 113, 128, 91, 106, 124, 0, 108, 104, 98, 0, 110, 0, 0, 0, 101, 140, 135, 0, 109, 0, 137, 147, 147]
[131, 125, 128, 116, 95, 90, 93, 0, 131, 148, 105, 94, 128, 148, 111, 149, 125, 143, 0, 0, 0, 0, 0, 136]
[130, 115, 0, 126, 111, 139, 128, 146, 131, 137, 0, 142, 148, 0, 0, 119, 0, 117, 108, 135, 0, 0, 0, 0]
[126, 133, 132, 127, 129, 127, 140, 131, 148, 132, 145, 110, 139, 91, 126, 102, 92, 122, 135, 104, 118, 0, 0, 0]
[0, 126, 0, 0, 0, 0, 118, 92, 0, 133, 107, 131, 134, 90, 126, 129, 136, 113, 105, 139, 122, 112, 0, 0]
[0, 0, 0, 143, 0, 116, 141, 147, 102, 90, 139, 111, 106, 99, 147, 103, 0, 107, 102, 0, 145, 0, 0, 0]
[119, 118, 0, 0, 120, 145, 91, 0, 97, 0, 146, 120, 143, 113, 112, 132, 90, 118, 111, 99, 0, 97, 100, 90]
[0, 0, 0, 0, 0, 0, 101, 0, 97, 103, 118, 108, 119, 105, 129, 90, 131, 107, 108, 91, 0, 127, 105, 0]
0
[0, 0, 100, 0, 125, 0, 0, 0, 121, 105, 125, 108, 117, 124, 0, 120, 131, 126, 128, 111, 124, 122, 122, 139]
[103, 142, 0, 122, 137, 99, 95, 119, 0, 100, 130, 96, 0, 98, 0, 121, 0, 94, 0, 0, 0, 127, 126, 105]
0
[121, 0, 123, 123, 109, 145, 109, 141, 134, 145, 109, 0, 115, 109, 98, 0, 0, 0, 0, 0, 0, 128, 111, 106]
[129, 126, 0, 94, 120, 113, 144, 0, 117, 0, 91, 112, 112, 95, 0, 0, 0, 0, 0, 0, 0, 145, 112, 121]
[115, 96, 121, 102, 139, 132, 90, 145, 111, 137, 0, 126, 140, 100, 143, 117, 0, 0, 0, 103, 102, 121, 106, 129]
[0, 102, 98, 103, 100, 144, 122, 136, 122, 121, 113, 143, 0, 0, 0, 0, 119, 105, 118, 0, 121, 0, 0, 0]
[146, 148, 0, 108, 116, 136, 0, 0, 0, 121, 124, 0, 148, 108, 91, 112, 0, 0, 0, 90, 147, 137, 90, 105]
0
0
0
0
0
0
0
0
0
0
[142, 113, 141, 106, 95, 135, 126, 95, 128, 141, 143, 91, 109, 90, 110, 0, 0, 0, 119, 102, 149, 92, 114, 96]
[148, 0, 0, 91, 0, 92, 108, 140, 100, 124, 119, 96, 139, 0, 121, 0, 0, 0, 0, 112, 93, 0, 0, 0]
0
0
[0, 147, 126, 99, 0, 102, 0, 0, 124, 118, 127, 125, 132, 0, 0, 109, 0, 0, 129, 108, 125, 128, 90, 106]
[0, 130, 134, 0, 0, 0, 116, 0, 141, 0, 0, 0, 110, 131, 95, 92, 126, 0, 110, 111, 126, 100, 99, 139]
[0, 121, 0, 91, 129, 103, 115, 138, 112, 0, 0, 0, 145, 114, 135, 140, 118, 134, 118, 131, 0, 0, 0, 0]
[112, 137, 134, 0, 0, 0, 0, 0, 0, 120, 106, 90, 0, 118, 90, 143, 138, 0, 126, 120, 0, 105, 131, 136]
[141, 100, 124, 0, 0, 0, 0, 113, 124, 101, 92, 143, 149, 127, 143, 115, 101, 123, 114, 104, 0, 0, 0, 0]
[140, 124, 0, 0, 111, 127, 112, 113, 123, 147, 132, 111, 145, 102, 121, 136, 137, 113, 0, 0, 0, 93, 114, 144]
[147, 121, 119, 0, 0, 0, 0, 99, 126, 0, 127, 114, 90, 141, 123, 120, 123, 125, 109, 105, 135, 0, 0, 0]
[0, 124, 0, 105, 102, 133, 137, 118, 135, 117, 114, 136, 0, 143, 92, 0, 139, 137, 0, 128, 119, 0, 128, 117]
[0, 119, 98, 112, 108, 99, 138, 105, 95, 0, 0, 0, 146, 0, 134, 0, 0, 0, 138, 145, 102, 107, 134, 103]
[132, 96, 0, 92, 101, 0, 128, 91, 93, 94, 0, 149, 0, 135, 0, 0, 142, 0, 108, 0, 0, 0, 0, 0]
[114, 90, 136, 116, 90, 0, 0, 0, 0, 149, 117, 101, 95, 113, 94, 0, 133, 92, 133, 126, 0, 0, 0, 0]
[111, 92, 95, 126, 106, 98, 94, 90, 0, 138, 144, 0, 121, 142, 118, 0, 120, 130, 137, 132, 120, 0, 0, 0]
[106, 0, 99, 0, 127, 127, 0, 0, 0, 0, 142, 117, 138, 95, 0, 145, 0, 133, 100, 114, 146, 0, 0, 0]
[145, 134, 0, 0, 0, 0, 0, 0, 0, 121, 0, 0, 117, 95, 0, 137, 0, 122, 121, 113, 113, 111, 115, 95]
[143, 0, 104, 109, 132, 116, 0, 0, 0, 91, 131, 118, 0, 0, 0, 0, 0, 0, 133, 91, 130, 105, 96, 134]
[0, 0, 0, 0, 128, 148, 0, 125, 147, 90, 134, 104, 95, 120, 122, 0, 0, 0, 109, 109, 97, 105, 94, 128]
[0, 0, 0, 105, 96, 0, 111, 138, 132, 132, 148, 148, 116, 107, 126, 115, 0, 122, 136, 124, 106, 0, 0, 0]
[148, 0, 125, 0, 139, 134, 130, 128, 119, 0, 129, 118, 147, 101, 128, 132, 0, 133, 138, 110, 103, 141, 0, 127]
0
0
0
0
0
0
0
0
0
[100, 132, 146, 107, 128, 128, 101, 145, 0, 124, 0, 134, 117, 97, 118, 0, 105, 138, 142, 97, 110, 128, 105, 0]
[123, 115, 112, 137, 120, 145, 0, 0, 0, 103, 136, 138, 118, 122, 146, 0, 0, 109, 141, 134, 110, 0, 0, 0]
[0, 0, 0, 132, 0, 104, 133, 0, 133, 97, 0, 134, 118, 117, 131, 107, 0, 141, 0, 128, 122, 119, 104, 99]
[125, 117, 108, 0, 95, 92, 111, 146, 110, 117, 0, 91, 0, 149, 116, 138, 128, 147, 140, 0, 124, 111, 93, 0]
0
[93, 0, 130, 0, 0, 0, 0, 137, 132, 145, 146, 140, 139, 121, 126, 0, 0, 0, 92, 140, 0, 108, 96, 130]
[98, 130, 143, 109, 94, 134, 0, 138, 137, 0, 0, 0, 141, 130, 0, 129, 92, 118, 105, 102, 102, 133, 93, 109]
[0, 107, 105, 128, 137, 113, 115, 149, 134, 0, 0, 0, 94, 131, 129, 108, 121, 0, 143, 94, 138, 96, 0, 133]
0
[137, 0, 97, 0, 0, 0, 138, 148, 91, 0, 0, 0, 120, 145, 144, 0, 100, 107, 102, 0, 148, 123, 97, 0]
0
[108, 137, 0, 120, 145, 98, 145, 0, 92, 0, 0, 0, 140, 118, 93, 147, 142, 0, 95, 129, 0, 94, 125, 97]
[111, 138, 144, 109, 100, 144, 0, 0, 0, 94, 0, 131, 118, 131, 123, 0, 118, 125, 0, 0, 0, 139, 101, 138]
[136, 127, 141, 107, 0, 131, 114, 0, 0, 142, 0, 91, 0, 0, 0, 126, 102, 91, 127, 0, 97, 146, 144, 121]
[121, 0, 0, 132, 141, 103, 104, 129, 125, 143, 0, 0, 141, 0, 143, 100, 0, 108, 0, 0, 0, 92, 0, 131]
[0, 0, 0, 0, 0, 100, 149, 115, 101, 107, 143, 135, 0, 0, 0, 129, 116, 101, 119, 103, 0, 148, 95, 100]
[116, 104, 99, 94, 0, 102, 0, 101, 132, 124, 127, 146, 97, 95, 145, 97, 126, 0, 123, 97, 90, 134, 123, 109]
[138, 132, 147, 113, 134, 0, 93, 0, 104, 126, 146, 148, 106, 0, 123, 97, 101, 0, 0, 143, 0, 0, 0, 0]
[105, 147, 127, 92, 0, 146, 115, 113, 100, 100, 127, 94, 97, 107, 0, 110, 122, 134, 99, 0, 142, 139, 100, 94]
[0, 120, 100, 100, 112, 135, 116, 0, 0, 0, 0, 146, 0, 0, 105, 0, 0, 0, 0, 142, 115, 123, 147, 139]
[116, 103, 102, 102, 124, 149, 0, 0, 0, 116, 128, 136, 0, 0, 109, 137, 132, 0, 133, 103, 135, 141, 90, 101]
[91, 107, 0, 142, 103, 142, 0, 0, 0, 137, 107, 91, 0, 135, 139, 133, 122, 119, 141, 141, 131, 102, 127, 147]
[0, 0, 0, 0, 116, 90, 0, 0, 0, 108, 0, 113, 124, 105, 0, 135, 132, 102, 0, 128, 106, 122, 107, 92]
0
0
0
0
0
0
0
0
[0, 0, 0, 131, 120, 134, 0, 0, 0, 137, 138, 140, 148, 91, 92, 148, 0, 138, 108, 110, 139, 0, 0, 141]
[111, 131, 148, 139, 0, 0, 110, 113, 103, 138, 98, 110, 108, 115, 106, 0, 108, 147, 0, 114, 107, 0, 0, 144]
[98, 115, 134, 94, 119, 94, 136, 91, 90, 147, 128, 121, 106, 0, 111, 103, 130, 0, 96, 120, 118, 0, 116, 144]
[0, 113, 0, 137, 0, 0, 106, 104, 105, 0, 0, 90, 106, 104, 112, 0, 0, 0, 93, 137, 112, 115, 116, 134]
[90, 121, 148, 128, 104, 122, 0, 0, 0, 0, 0, 0, 120, 131, 0, 0, 107, 105, 0, 0, 0, 98, 119, 91]
0
0
[103, 0, 125, 135, 118, 144, 119, 98, 140, 0, 115, 116, 0, 147, 125, 148, 118, 90, 136, 130, 116, 143, 0, 143]
[147, 121, 0, 0, 102, 0, 129, 111, 135, 107, 116, 133, 133, 116, 125, 116, 97, 94, 130, 120, 120, 0, 0, 106]
0
[0, 0, 0, 114, 146, 126, 109, 0, 0, 112, 92, 0, 121, 0, 140, 116, 99, 136, 142, 122, 0, 0, 0, 0]
[146, 106, 0, 0, 147, 129, 97, 97, 128, 122, 109, 0, 116, 139, 0, 137, 0, 111, 0, 0, 0, 91, 124, 134]
[101, 116, 90, 102, 144, 101, 91, 122, 97, 0, 116, 93, 135, 116, 139, 0, 115, 101, 0, 0, 0, 0, 0, 0]
[100, 147, 92, 0, 0, 0, 129, 121, 148, 127, 127, 0, 118, 98, 128, 121, 100, 105, 122, 92, 97, 101, 98, 0]
[128, 0, 0, 123, 144, 106, 136, 94, 120, 0, 0, 0, 0, 0, 0, 110, 139, 108, 102, 109, 123, 143, 140, 0]
[141, 0, 93, 132, 95, 0, 100, 135, 0, 130, 114, 142, 124, 146, 115, 129, 0, 148, 141, 129, 136, 0, 0, 0]
0
[106, 123, 133, 100, 0, 117, 137, 135, 117, 137, 118, 128, 95, 136, 97, 123, 97, 131, 104, 98, 109, 132, 115, 127]
[137, 129, 148, 124, 122, 144, 111, 0, 0, 0, 96, 0, 133, 100, 110, 94, 117, 96, 124, 124, 90, 122, 100, 124]
[149, 138, 127, 115, 118, 110, 124, 0, 102, 0, 122, 0, 0, 0, 0, 0, 0, 0, 125, 134, 135, 122, 144, 102]
[0, 0, 0, 0, 141, 148, 0, 103, 0, 104, 140, 0, 127, 0, 140, 122, 127, 141, 0, 0, 136, 0, 0, 137]
[130, 0, 110, 0, 0, 0, 105, 96, 119, 129, 114, 143, 135, 128, 133, 0, 139, 0, 0, 0, 0, 0, 0, 0]
[0, 99, 108, 139, 117, 0, 99, 104, 122, 114, 123, 135, 138, 112, 98, 124, 0, 0, 0, 123, 0, 146, 91, 0]
0
0
0
0
0
0
0
0
[103, 134, 140, 0, 0, 0, 0, 0, 0, 108, 0, 119, 97, 0, 0, 148, 0, 0, 124, 111, 136, 106, 141, 148]
[118, 137, 116, 112, 119, 148, 109, 101, 100, 116, 135, 0, 144, 93, 137, 143, 148, 127, 0, 0, 0, 94, 102, 92]
[149, 96, 124, 111, 114, 91, 122, 128, 115, 0, 118, 142, 99, 136, 0, 99, 0, 0, 114, 146, 104, 0, 0, 119]
[0, 141, 120, 0, 0, 0, 129, 133, 122, 134, 146, 0, 0, 141, 122, 138, 110, 0, 136, 128, 95, 121, 121, 0]
[95, 130, 0, 113, 91, 95, 117, 128, 109, 0, 112, 132, 0, 129, 140, 137, 125, 112, 0, 0, 0, 126, 117, 109]
0
0
[0, 0, 0, 106, 137, 112, 114, 0, 0, 0, 116, 149, 109, 0, 99, 0, 0, 95, 0, 0, 0, 0, 131, 96]
[143, 96, 100, 0, 115, 126, 138, 111, 94, 139, 144, 107, 107, 102, 110, 128, 0, 130, 144, 103, 147, 0, 0, 0]
[129, 139, 138, 132, 104, 126, 149, 146, 0, 0, 149, 147, 128, 0, 98, 0, 0, 148, 145, 105, 127, 131, 0, 90]
[94, 106, 92, 106, 119, 118, 108, 0, 90, 0, 0, 0, 149, 94, 114, 145, 103, 100, 0, 122, 145, 139, 144, 143]
[0, 0, 0, 144, 107, 107, 144, 101, 127, 0, 106, 121, 0, 0, 0, 0, 109, 0, 123, 0, 92, 0, 109, 0]
0
[95, 140, 93, 143, 0, 106, 90, 109, 93, 122, 143, 104, 0, 121, 136, 148, 102, 108, 0, 0, 0, 0, 96, 141]
[110, 93, 0, 141, 0, 98, 103, 128, 132, 0, 98, 142, 0, 0, 0, 128, 0, 132, 0, 0, 100, 144, 100, 96]
[0, 0, 0, 0, 119, 90, 126, 122, 118, 0, 117, 115, 147, 140, 0, 0, 99, 91, 142, 96, 148, 0, 0, 0]
[132, 0, 119, 0, 0, 0, 133, 0, 140, 124, 116, 130, 0, 127, 137, 130, 146, 135, 102, 0, 102, 0, 0, 0]
[0, 146, 0, 0, 126, 131, 0, 96, 0, 0, 0, 141, 110, 126, 0, 145, 0, 144, 0, 0, 0, 137, 101, 97]
[112, 115, 109, 113, 0, 100, 0, 123, 103, 107, 100, 0, 0, 128, 133, 100, 119, 101, 0, 0, 0, 135, 103, 106]
[145, 109, 103, 91, 124, 97, 104, 106, 127, 148, 124, 91, 129, 0, 145, 143, 139, 127, 0, 0, 0, 124, 135, 102]
[111, 125, 97, 118, 142, 149, 121, 0, 129, 132, 0, 95, 0, 98, 0, 94, 102, 105, 118, 146, 133, 113, 0, 91]
[90, 143, 124, 120, 93, 137, 127, 92, 97, 137, 138, 118, 121, 101, 99, 130, 121, 126, 134, 95, 120, 112, 147, 119]
[115, 147, 132, 125, 141, 127, 105, 0, 127, 138, 94, 125, 95, 96, 129, 118, 93, 141, 126, 102, 116, 125, 131, 0]
[0, 0, 126, 123, 115, 101, 141, 121, 106, 126, 124, 0, 94, 96, 90, 0, 0, 0, 109, 97, 0, 103, 117, 108]
[102, 92, 99, 122, 147, 101, 123, 99, 148, 0, 146, 90, 136, 108, 135, 115, 96, 102, 0, 0, 0, 138, 131, 101]
0
0
0
0
0
0
[104, 99, 135, 134, 115, 149, 130, 128, 112, 129, 149, 0, 128, 0, 0, 146, 115, 0, 127, 99, 0, 111, 0, 95]
[114, 0, 0, 114, 102, 133, 0, 0, 0, 145, 111, 148, 142, 129, 116, 0, 92, 140, 0, 96, 92, 129, 0, 102]
[0, 105, 132, 106, 106, 94, 147, 143, 135, 149, 0, 109, 0, 147, 120, 0, 0, 0, 106, 97, 109, 0, 0, 0]
[116, 0, 117, 105, 104, 132, 142, 131, 124, 0, 149, 146, 0, 0, 91, 139, 94, 124, 0, 121, 90, 0, 0, 0]
[0, 0, 0, 0, 149, 145, 104, 148, 100, 99, 0, 112, 143, 0, 107, 124, 91, 0, 140, 0, 146, 114, 133, 116]
[0, 0, 0, 105, 0, 114, 0, 0, 0, 116, 93, 90, 122, 0, 0, 123, 0, 96, 145, 107, 116, 0, 0, 0]
[0, 96, 133, 0, 128, 144, 113, 149, 115, 114, 112, 123, 144, 90, 127, 124, 111, 0, 0, 0, 0, 0, 149, 137]
0
[0, 0, 0, 0, 0, 0, 0, 131, 0, 116, 98, 0, 144, 0, 104, 0, 115, 116, 126, 128, 121, 117, 0, 122]
[0, 113, 143, 0, 0, 0, 132, 96, 144, 0, 0, 0, 0, 113, 133, 146, 116, 144, 121, 101, 97, 113, 134, 0]
[131, 105, 101, 0, 0, 0, 131, 0, 100, 135, 0, 95, 0, 95, 0, 128, 93, 111, 137, 90, 96, 0, 91, 108]
[0, 0, 0, 114, 0, 0, 0, 0, 147, 0, 115, 0, 0, 0, 98, 131, 116, 0, 107, 119, 126, 95, 0, 124]
[126, 131, 137, 131, 0, 0, 0, 94, 0, 90, 112, 136, 105, 99, 0, 117, 0, 116, 0, 103, 130, 99, 96, 91]
0
[146, 103, 96, 112, 106, 138, 97, 128, 125, 116, 125, 131, 129, 110, 125, 138, 149, 101, 134, 133, 104, 101, 0, 121]
[145, 97, 0, 108, 120, 105, 0, 0, 0, 0, 113, 122, 123, 139, 124, 149, 0, 104, 102, 136, 149, 96, 120, 137]
[0, 110, 130, 0, 0, 0, 0, 0, 0, 0, 131, 0, 131, 127, 137, 0, 105, 0, 104, 0, 141, 144, 124, 0]
0
[120, 0, 0, 148, 0, 142, 130, 0, 119, 108, 103, 99, 131, 143, 136, 133, 119, 97, 133, 122, 95, 123, 136, 100]
[0, 0, 0, 121, 145, 0, 141, 112, 0, 90, 118, 104, 107, 124, 0, 137, 147, 144, 0, 0, 0, 122, 143, 90]
[145, 137, 91, 132, 0, 118, 98, 113, 137, 0, 0, 0, 97, 102, 0, 0, 142, 126, 115, 116, 139, 149, 92, 115]
[0, 0, 0, 125, 0, 135, 118, 110, 116, 101, 133, 147, 93, 0, 131, 122, 108, 0, 96, 138, 106, 133, 95, 114]
[0, 137, 141, 136, 127, 95, 149, 111, 126, 129, 0, 0, 0, 0, 0, 135, 106, 96, 120, 138, 109, 90, 0, 124]
[143, 0, 131, 94, 100, 141, 106, 111, 0, 126, 142, 92, 0, 0, 0, 123, 107, 141, 0, 0, 0, 0, 0, 0]
[0, 119, 0, 102, 108, 0, 126, 145, 119, 122, 123, 122, 0, 0, 0, 140, 98, 0, 0, 138, 0, 96, 0, 97]
0
0
0
0
0
0
[94, 112, 114, 0, 0, 0, 138, 114, 133, 101, 143, 101, 147, 108, 110, 0, 113, 101, 0, 116, 133, 0, 118, 114]
[0, 0, 0, 0, 0, 131, 119, 110, 110, 91, 0, 117, 104, 101, 0, 0, 131, 134, 124, 142, 0, 135, 125, 118]
[0, 90, 123, 0, 148, 120, 120, 118, 0, 0, 0, 113, 91, 128, 0, 128, 142, 149, 128, 107, 91, 146, 148, 125]
[117, 128, 0, 0, 135, 99, 112, 0, 123, 143, 99, 98, 0, 122, 115, 149, 92, 91, 96, 143, 0, 111, 137, 149]
0
[0, 122, 0, 144, 117, 116, 0, 0, 103, 97, 96, 108, 91, 0, 0, 110, 133, 117, 138, 127, 123, 0, 0, 0]
[0, 140, 95, 145, 131, 0, 112, 146, 117, 124, 90, 92, 0, 0, 0, 0, 0, 0, 92, 119, 141, 123, 136, 129]
[93, 128, 146, 0, 91, 149, 96, 0, 110, 149, 122, 0, 0, 0, 110, 114, 0, 0, 0, 129, 0, 97, 112, 148]
0
[132, 104, 108, 102, 145, 101, 132, 120, 105, 93, 0, 123, 0, 0, 0, 90, 95, 0, 139, 0, 141, 93, 136, 123]
[139, 98, 134, 114, 96, 135, 0, 95, 0, 127, 118, 90, 128, 112, 146, 105, 125, 145, 0, 0, 101, 104, 144, 99]
[0, 0, 0, 107, 135, 144, 139, 0, 104, 0, 119, 98, 96, 120, 0, 108, 0, 106, 0, 0, 0, 116, 108, 0]
[125, 93, 118, 147, 91, 115, 93, 106, 116, 90, 123, 107, 135, 96, 98, 146, 97, 91, 126, 146, 123, 0, 0, 105]
[0, 112, 0, 102, 0, 117, 115, 123, 133, 0, 127, 96, 144, 93, 130, 0, 0, 0, 120, 0, 122, 0, 121, 93]
[149, 104, 97, 0, 115, 0, 0, 123, 0, 115, 96, 125, 0, 0, 0, 144, 0, 0, 125, 134, 142, 0, 0, 0]
[119, 105, 124, 148, 149, 107, 0, 131, 0, 139, 0, 106, 0, 99, 126, 96, 113, 126, 91, 143, 125, 124, 131, 91]
0
[0, 0, 0, 108, 132, 121, 131, 0, 134, 128, 0, 130, 125, 0, 147, 111, 94, 0, 96, 103, 116, 140, 109, 105]
0
[149, 0, 118, 106, 91, 0, 0, 95, 0, 146, 104, 111, 0, 135, 113, 0, 130, 121, 0, 125, 0, 116, 100, 0]
[105, 148, 94, 136, 116, 92, 131, 147, 135, 0, 144, 103, 0, 91, 142, 0, 116, 95, 141, 108, 0, 103, 148, 139]
0
[107, 144, 91, 94, 95, 149, 0, 96, 146, 0, 115, 148, 0, 0, 0, 0, 149, 146, 0, 0, 0, 112, 104, 98]
[0, 137, 110, 124, 125, 144, 0, 123, 104, 148, 132, 97, 135, 149, 118, 0, 0, 90, 131, 0, 0, 98, 95, 0]
[0, 130, 132, 96, 118, 128, 93, 96, 138, 0, 0, 0, 101, 0, 0, 0, 102, 0, 138, 96, 124, 111, 0, 91]
0
[0, 0, 0, 111, 0, 139, 132, 132, 103, 134, 122, 0, 0, 113, 92, 96, 128, 140, 0, 0, 0, 130, 0, 120]
0
0
0
0
[132, 112, 107, 0, 0, 0, 0, 118, 109, 116, 107, 119, 109, 127, 94, 109, 140, 105, 0, 0, 103, 115, 133, 91]
[99, 118, 138, 115, 102, 122, 0, 0, 0, 137, 143, 99, 125, 0, 103, 108, 134, 123, 0, 0, 0, 126, 129, 145]
[0, 0, 0, 0, 107, 106, 115, 0, 140, 134, 137, 123, 106, 90, 143, 126, 101, 136, 0, 0, 0, 141, 129, 124]
[0, 96, 0, 119, 128, 111, 127, 133, 128, 124, 144, 91, 91, 109, 137, 0, 141, 123, 108, 132, 111, 133, 147, 92]
[93, 0, 90, 122, 100, 0, 0, 0, 101, 0, 0, 0, 117, 116, 106, 100, 149, 102, 0, 0, 100, 148, 96, 144]
0
[0, 0, 0, 111, 0, 103, 116, 144, 136, 127, 116, 102, 147, 94, 129, 0, 0, 0, 0, 143, 124, 142, 122, 0]
[104, 121, 0, 140, 100, 105, 0, 105, 120, 90, 101, 0, 0, 116, 0, 111, 122, 99, 0, 99, 113, 143, 113, 124]
[148, 115, 145, 0, 0, 139, 138, 99, 125, 0, 0, 0, 129, 112, 148, 0, 0, 0, 108, 0, 0, 133, 141, 101]
0
[91, 0, 134, 0, 0, 0, 0, 0, 112, 0, 103, 0, 139, 99, 112, 127, 132, 144, 0, 0, 0, 112, 114, 101]
[105, 139, 114, 98, 140, 142, 145, 128, 96, 94, 126, 0, 0, 112, 134, 0, 91, 122, 137, 0, 104, 133, 123, 99]
[107, 149, 130, 132, 121, 136, 104, 110, 101, 101, 113, 100, 0, 0, 0, 0, 120, 100, 131, 110, 105, 0, 0, 0]
[0, 0, 0, 132, 95, 117, 123, 113, 0, 99, 104, 0, 0, 0, 99, 0, 0, 0, 108, 140, 113, 0, 99, 0]
[0, 117, 0, 0, 106, 141, 0, 0, 146, 148, 105, 102, 95, 106, 102, 135, 99, 90, 102, 131, 129, 99, 101, 119]
[0, 124, 0, 125, 146, 91, 107, 0, 139, 0, 0, 0, 143, 128, 145, 115, 0, 93, 108, 146, 0, 0, 0, 0]
[0, 0, 0, 0, 0, 116, 112, 110, 148, 111, 95, 132, 93, 115, 0, 130, 0, 110, 0, 134, 90, 0, 124, 0]
[95, 141, 96, 0, 101, 104, 0, 133, 104, 0, 136, 115, 130, 94, 124, 117, 0, 100, 111, 124, 118, 126, 113, 90]
[0, 121, 93, 91, 92, 101, 0, 133, 108, 0, 0, 0, 0, 0, 0, 127, 149, 139, 0, 104, 94, 0, 102, 145]
0
[103, 145, 141, 102, 126, 123, 0, 125, 147, 93, 100, 97, 104, 0, 125, 147, 103, 0, 128, 105, 113, 121, 109, 147]
0
[121, 0, 100, 140, 126, 118, 101, 116, 108, 131, 131, 119, 0, 108, 108, 0, 96, 114, 91, 146, 112, 118, 115, 141]
[117, 111, 0, 112, 0, 0, 107, 0, 130, 0, 0, 119, 146, 120, 0, 0, 127, 140, 101, 112, 113, 117, 131, 117]
[0, 132, 144, 102, 105, 108, 0, 119, 104, 98, 134, 133, 140, 116, 145, 130, 132, 136, 0, 146, 109, 0, 146, 127]
0
0
[137, 119, 100, 140, 144, 0, 115, 103, 0, 0, 0, 91, 144, 94, 108, 99, 110, 98, 97, 131, 117, 0, 0, 98]
0
0
0
[140, 113, 106, 112, 104, 124, 114, 0, 139, 113, 0, 118, 134, 118, 109, 0, 97, 121, 140, 0, 103, 0, 130, 95]
0
[115, 149, 0, 0, 126, 0, 134, 125, 115, 132, 136, 0, 105, 97, 98, 0, 0, 0, 0, 101, 132, 141, 142, 0]
[139, 0, 109, 0, 113, 103, 0, 0, 0, 93, 144, 149, 0, 118, 99, 123, 107, 0, 99, 137, 111, 133, 94, 94]
0
[0, 143, 108, 0, 92, 149, 0, 144, 131, 0, 0, 109, 0, 0, 0, 96, 95, 0, 101, 95, 0, 0, 0, 0]
[116, 121, 102, 127, 142, 145, 0, 103, 117, 94, 123, 129, 130, 146, 0, 90, 130, 96, 128, 146, 110, 123, 115, 146]
[139, 110, 0, 0, 0, 0, 104, 142, 131, 133, 116, 91, 105, 129, 137, 0, 0, 140, 102, 112, 0, 0, 0, 0]
[136, 146, 141, 116, 0, 113, 0, 0, 0, 146, 147, 117, 106, 148, 120, 137, 123, 114, 94, 139, 0, 140, 90, 119]
[102, 94, 99, 0, 0, 0, 0, 107, 112, 93, 0, 98, 148, 123, 90, 0, 118, 117, 0, 0, 0, 102, 105, 111]
0
[116, 93, 101, 132, 147, 114, 106, 132, 0, 124, 148, 92, 101, 111, 137, 117, 131, 138, 130, 125, 110, 141, 143, 91]
[94, 94, 121, 0, 0, 0, 104, 116, 128, 0, 0, 145, 135, 0, 132, 0, 107, 129, 100, 0, 145, 128, 93, 134]
[120, 117, 0, 131, 107, 91, 90, 138, 126, 0, 116, 112, 128, 0, 0, 129, 127, 118, 0, 0, 0, 0, 0, 0]
[129, 117, 111, 0, 91, 142, 114, 108, 122, 135, 139, 0, 0, 0, 0, 0, 116, 100, 0, 134, 0, 94, 149, 97]
[105, 131, 130, 0, 0, 0, 120, 112, 0, 97, 141, 118, 104, 131, 100, 142, 109, 120, 143, 110, 0, 0, 100, 130]
[108, 115, 115, 92, 143, 124, 96, 0, 97, 130, 112, 118, 0, 0, 124, 140, 142, 148, 135, 96, 136, 128, 136, 127]
[0, 115, 146, 143, 108, 148, 0, 0, 0, 0, 0, 0, 94, 95, 121, 128, 142, 0, 146, 135, 101, 134, 105, 137]
[139, 100, 114, 0, 0, 0, 101, 0, 0, 121, 125, 149, 134, 0, 139, 0, 0, 0, 142, 112, 144, 108, 140, 0]
[105, 0, 145, 147, 108, 116, 107, 101, 146, 130, 0, 139, 0, 0, 101, 101, 144, 0, 132, 142, 142, 0, 0, 0]
[126, 129, 149, 106, 144, 139, 120, 112, 122, 118, 124, 139, 113, 110, 140, 0, 0, 0, 91, 0, 128, 90, 149, 0]
[109, 137, 100, 125, 142, 127, 149, 111, 0, 108, 146, 131, 101, 0, 148, 145, 131, 140, 125, 140, 0, 145, 124, 91]
0
0
[137, 0, 130, 0, 103, 137, 145, 145, 111, 0, 124, 130, 0, 113, 103, 141, 0, 110, 119, 137, 144, 0, 102, 144]
[133, 140, 112, 98, 104, 141, 102, 96, 0, 124, 91, 133, 0, 0, 145, 0, 0, 0, 97, 91, 124, 0, 0, 0]
[99, 145, 0, 138, 145, 94, 0, 114, 122, 0, 0, 0, 141, 122, 105, 118, 107, 0, 146, 0, 106, 111, 112, 131]
0
[146, 114, 147, 145, 149, 112, 122, 133, 148, 129, 134, 141, 135, 135, 137, 134, 0, 137, 0, 142, 110, 105, 111, 99]
0
0
0
[136, 91, 122, 132, 0, 149, 144, 103, 129, 0, 0, 124, 100, 146, 105, 0, 123, 96, 118, 110, 91, 96, 0, 0]
[124, 138, 117, 137, 0, 0, 129, 0, 125, 0, 0, 0, 148, 102, 118, 0, 0, 0, 129, 105, 116, 116, 127, 0]
[0, 125, 132, 0, 121, 104, 95, 137, 116, 126, 118, 0, 0, 0, 0, 0, 0, 0, 103, 102, 104, 118, 0, 104]
[111, 148, 0, 125, 109, 117, 142, 120, 120, 0, 94, 0, 117, 112, 121, 0, 133, 143, 0, 0, 0, 144, 111, 126]
[131, 108, 123, 0, 0, 0, 107, 122, 128, 114, 116, 147, 0, 149, 141, 124, 0, 126, 123, 115, 112, 106, 145, 148]
[125, 113, 122, 0, 95, 115, 144, 123, 106, 0, 113, 0, 0, 99, 102, 136, 104, 108, 112, 132, 0, 101, 98, 141]
[136, 106, 115, 109, 94, 144, 0, 119, 127, 147, 103, 0, 147, 118, 0, 109, 102, 102, 0, 90, 94, 140, 149, 97]
[129, 91, 146, 102, 115, 103, 114, 95, 100, 0, 0, 0, 105, 94, 110, 93, 125, 98, 0, 0, 0, 146, 113, 0]
[148, 130, 99, 107, 103, 99, 138, 142, 0, 0, 0, 0, 0, 0, 96, 98, 142, 104, 0, 0, 0, 131, 93, 113]
[0, 0, 114, 135, 99, 0, 101, 139, 122, 114, 94, 125, 108, 0, 94, 115, 121, 120, 0, 0, 0, 0, 0, 0]
0
[110, 0, 102, 140, 149, 126, 0, 0, 0, 129, 143, 0, 0, 99, 116, 91, 122, 0, 137, 112, 0, 147, 0, 124]
[94, 120, 94, 0, 142, 98, 148, 0, 143, 123, 142, 133, 123, 98, 146, 144, 116, 0, 123, 109, 90, 0, 0, 0]
[0, 0, 0, 97, 0, 141, 0, 94, 118, 103, 111, 0, 0, 118, 112, 0, 0, 0, 116, 0, 144, 98, 139, 108]
[111, 122, 103, 0, 0, 124, 123, 127, 108, 126, 112, 135, 94, 130, 128, 125, 133, 106, 132, 118, 138, 118, 144, 135]
[145, 0, 95, 92, 120, 113, 96, 109, 0, 132, 0, 145, 0, 0, 0, 131, 138, 0, 129, 0, 110, 124, 124, 0]
[96, 130, 138, 0, 0, 0, 118, 147, 139, 139, 117, 110, 115, 133, 114, 0, 0, 0, 118, 100, 107, 111, 101, 102]
[104, 0, 141, 128, 132, 146, 0, 129, 0, 131, 131, 0, 129, 136, 0, 117, 93, 140, 143, 147, 92, 145, 132, 106]
[107, 125, 0, 90, 97, 129, 137, 143, 0, 123, 0, 91, 117, 130, 128, 142, 119, 143, 91, 139, 107, 115, 137, 116]
0
0
[101, 0, 102, 129, 114, 131, 0, 106, 134, 124, 141, 0, 91, 114, 99, 133, 116, 90, 139, 118, 0, 120, 133, 118]
0
0
[144, 0, 99, 90, 147, 126, 123, 0, 118, 147, 148, 105, 0, 149, 107, 107, 148, 0, 0, 0, 0, 137, 93, 0]
[116, 149, 92, 146, 125, 0, 120, 0, 139, 128, 103, 120, 146, 134, 100, 118, 0, 0, 119, 0, 130, 119, 115, 0]
[143, 145, 0, 0, 108, 126, 0, 101, 0, 125, 114, 0, 110, 102, 111, 120, 135, 137, 0, 0, 0, 0, 0, 0]
[0, 94, 134, 136, 114, 119, 115, 136, 128, 0, 143, 94, 116, 118, 142, 0, 0, 141, 108, 126, 123, 138, 139, 135]
0
0
0
[0, 132, 142, 108, 0, 119, 148, 133, 137, 141, 147, 0, 92, 103, 140, 118, 138, 117, 0, 0, 0, 145, 109, 144]
0
[134, 130, 94, 104, 107, 123, 0, 94, 140, 131, 106, 101, 111, 90, 122, 145, 145, 0, 104, 102, 132, 0, 0, 0]
[102, 136, 148, 138, 132, 0, 0, 0, 0, 114, 0, 91, 125, 94, 0, 0, 0, 0, 92, 117, 139, 125, 101, 93]
[114, 103, 146, 110, 137, 121, 143, 126, 0, 90, 105, 91, 115, 102, 136, 117, 135, 127, 133, 134, 102, 128, 144, 93]
0
[91, 139, 106, 94, 118, 141, 146, 0, 95, 134, 122, 134, 107, 131, 101, 139, 104, 139, 114, 99, 93, 116, 99, 103]
[0, 0, 0, 128, 0, 137, 129, 144, 144, 143, 105, 122, 115, 0, 105, 111, 113, 94, 0, 113, 97, 97, 149, 123]
[0, 0, 0, 96, 116, 90, 0, 0, 0, 107, 0, 117, 111, 140, 124, 127, 106, 141, 124, 144, 0, 134, 134, 90]
[132, 120, 133, 113, 118, 125, 108, 112, 95, 91, 144, 117, 130, 144, 96, 108, 119, 0, 97, 116, 0, 0, 0, 0]
[0, 0, 0, 137, 0, 117, 117, 123, 107, 116, 146, 0, 135, 119, 147, 0, 148, 145, 0, 0, 0, 0, 141, 124]
0
[0, 143, 142, 123, 100, 144, 114, 99, 91, 114, 130, 132, 114, 109, 115, 141, 131, 144, 0, 0, 117, 130, 109, 0]
[113, 126, 135, 113, 110, 119, 92, 130, 0, 146, 110, 103, 145, 147, 128, 107, 120, 93, 125, 91, 105, 109, 125, 112]
[147, 112, 96, 0, 0, 0, 135, 93, 142, 108, 91, 141, 0, 99, 0, 120, 126, 0, 141, 132, 113, 136, 0, 115]
[121, 110, 144, 108, 95, 96, 125, 112, 0, 0, 91, 122, 99, 125, 0, 0, 0, 0, 132, 139, 126, 0, 103, 100]
0
[123, 0, 127, 96, 93, 131, 0, 137, 149, 113, 124, 0, 108, 99, 91, 91, 128, 112, 131, 133, 0, 134, 142, 0]
0
[135, 0, 120, 125, 0, 141, 149, 117, 0, 98, 102, 96, 96, 101, 137, 121, 144, 141, 144, 144, 124, 99, 0, 133]
[127, 134, 0, 0, 0, 0, 109, 122, 0, 101, 104, 138, 115, 103, 110, 91, 111, 0, 0, 147, 0, 0, 0, 0]
[109, 142, 0, 124, 0, 113, 117, 121, 136, 108, 141, 144, 145, 129, 0, 0, 104, 0, 0, 0, 92, 143, 113, 0]
[101, 96, 0, 102, 97, 102, 0, 131, 0, 142, 135, 100, 0, 0, 0, 0, 0, 0, 102, 138, 135, 94, 0, 149]
[0, 0, 0, 0, 111, 135, 121, 149, 146, 136, 92, 110, 148, 123, 120, 0, 93, 138, 0, 0, 0, 0, 91, 90]
[93, 0, 118, 97, 135, 134, 125, 110, 107, 94, 138, 132, 111, 132, 0, 0, 116, 121, 135, 135, 147, 0, 142, 148]
[143, 0, 0, 130, 92, 139, 122, 128, 113, 0, 137, 131, 0, 0, 0, 98, 91, 129, 0, 0, 0, 99, 0, 0]
[144, 107, 148, 126, 0, 135, 136, 131, 132, 0, 118, 140, 0, 0, 0, 98, 94, 0, 106, 133, 115, 107, 147, 0]
[0, 0, 0, 117, 148, 112, 107, 121, 98, 121, 128, 147, 0, 115, 0, 99, 142, 112, 0, 0, 0, 92, 102, 0]
[93, 103, 108, 117, 106, 142, 0, 131, 111, 124, 138, 113, 99, 0, 111, 0, 127, 119, 0, 0, 129, 131, 107, 96]
[0, 0, 0, 0, 0, 0, 93, 0, 95, 0, 95, 127, 0, 111, 137, 96, 0, 129, 147, 120, 0, 108, 121, 145]
[0, 118, 114, 0, 112, 120, 147, 121, 0, 129, 0, 90, 100, 107, 132, 142, 147, 127, 0, 128, 96, 119, 103, 124]
[98, 146, 118, 0, 0, 135, 108, 94, 113, 0, 126, 141, 126, 148, 0, 141, 140, 144, 0, 0, 0, 133, 119, 102]
[0, 0, 0, 0, 0, 0, 0, 113, 108, 110, 107, 147, 148, 99, 90, 136, 0, 0, 113, 119, 93, 126, 134, 0]
[117, 0, 0, 144, 0, 0, 0, 127, 125, 105, 123, 140, 0, 103, 138, 0, 131, 123, 0, 115, 148, 0, 0, 128]
[90, 93, 121, 0, 0, 120, 119, 98, 134, 0, 115, 90, 108, 90, 100, 127, 116, 101, 122, 0, 0, 0, 0, 0]
[0, 0, 0, 0, 118, 144, 0, 0, 100, 110, 0, 146, 127, 149, 94, 117, 92, 110, 138, 117, 92, 141, 118, 111]
[99, 0, 136, 102, 144, 0, 146, 136, 106, 0, 91, 140, 0, 135, 0, 92, 103, 93, 0, 99, 0, 134, 122, 140]
0
[0, 137, 126, 144, 107, 117, 101, 124, 0, 91, 95, 116, 97, 107, 97, 101, 109, 141, 96, 107, 96, 0, 0, 0]
[93, 103, 121, 131, 122, 149, 0, 0, 0, 0, 0, 0, 100, 148, 140, 0, 121, 0, 108, 123, 137, 121, 0, 110]
[134, 109, 118, 97, 0, 142, 100, 107, 127, 112, 111, 117, 147, 118, 98, 101, 0, 149, 0, 135, 0, 0, 0, 0]
[106, 131, 122, 131, 103, 146, 107, 0, 116, 121, 139, 103, 0, 103, 125, 111, 97, 128, 0, 0, 0, 0, 137, 0]
[0, 0, 0, 116, 137, 90, 140, 113, 108, 119, 93, 104, 92, 112, 112, 0, 0, 0, 120, 147, 108, 130, 103, 95]
0
[125, 121, 93, 107, 136, 0, 136, 0, 92, 149, 0, 125, 103, 93, 125, 104, 97, 122, 145, 146, 92, 98, 147, 136]
[0, 148, 107, 102, 108, 112, 108, 0, 0, 122, 114, 0, 140, 137, 90, 120, 131, 127, 100, 134, 138, 105, 0, 135]
[98, 98, 117, 126, 0, 0, 132, 100, 109, 0, 0, 0, 0, 0, 114, 140, 97, 115, 133, 94, 130, 0, 0, 0]
[130, 126, 96, 131, 126, 135, 143, 149, 120, 148, 114, 123, 146, 0, 105, 103, 94, 148, 149, 0, 0, 114, 118, 96]
[0, 134, 103, 97, 134, 136, 109, 136, 132, 0, 117, 138, 140, 141, 105, 109, 96, 126, 103, 0, 102, 127, 98, 0]
[0, 100, 146, 0, 139, 147, 96, 115, 90, 101, 148, 95, 100, 105, 97, 149, 149, 147, 0, 0, 142, 130, 122, 137]
[0, 0, 108, 0, 0, 0, 0, 0, 0, 117, 0, 115, 107, 94, 99, 0, 108, 0, 94, 0, 114, 140, 0, 116]
[102, 121, 0, 131, 114, 128, 101, 0, 116, 0, 0, 0, 0, 0, 0, 0, 0, 120, 116, 96, 141, 99, 96, 128]
[113, 140, 112, 0, 0, 0, 136, 136, 130, 140, 102, 129, 138, 114, 110, 99, 0, 123, 0, 122, 0, 111, 138, 131]
[91, 122, 0, 106, 110, 120, 0, 97, 104, 115, 146, 0, 0, 116, 147, 0, 130, 0, 112, 94, 0, 0, 0, 0]
[96, 114, 0, 0, 112, 96, 120, 95, 116, 146, 0, 143, 111, 101, 90, 0, 0, 0, 104, 0, 148, 128, 107, 124]
[0, 0, 0, 139, 140, 109, 0, 0, 0, 115, 92, 144, 113, 103, 91, 133, 138, 141, 133, 123, 0, 136, 149, 110]
[0, 119, 105, 107, 111, 125, 0, 0, 94, 144, 0, 0, 115, 140, 101, 0, 0, 145, 126, 105, 130, 97, 90, 0]
[136, 131, 118, 136, 128, 0, 99, 103, 138, 127, 0, 129, 127, 107, 117, 0, 0, 97, 0, 0, 0, 0, 0, 0]
[0, 0, 0, 130, 144, 99, 147, 119, 108, 147, 139, 106, 147, 90, 0, 147, 140, 95, 143, 117, 143, 0, 126, 127]
[126, 103, 121, 102, 0, 112, 130, 115, 126, 0, 120, 145, 125, 124, 118, 113, 101, 145, 96, 122, 0, 102, 0, 0]
[0, 0, 125, 109, 91, 148, 0, 97, 91, 0, 108, 138, 129, 126, 98, 0, 0, 0, 0, 0, 0, 95, 0, 105]
[138, 123, 144, 106, 106, 114, 125, 124, 145, 0, 0, 0, 121, 101, 137, 149, 0, 106, 0, 0, 0, 0, 99, 138]
0
[125, 90, 109, 124, 143, 0, 149, 136, 98, 119, 116, 0, 143, 0, 135, 96, 101, 130, 0, 0, 0, 0, 0, 0]
[118, 0, 103, 0, 90, 108, 0, 0, 0, 0, 0, 0, 146, 0, 142, 113, 146, 0, 0, 124, 0, 149, 92, 0]
[103, 0, 0, 144, 99, 131, 91, 95, 0, 108, 146, 94, 93, 110, 117, 97, 143, 130, 117, 101, 96, 0, 113, 0]
[122, 149, 0, 108, 147, 125, 105, 148, 127, 113, 0, 144, 121, 133, 93, 132, 98, 140, 101, 94, 96, 112, 91, 105]
[90, 118, 141, 0, 147, 134, 0, 0, 0, 134, 144, 148, 121, 148, 145, 0, 0, 0, 0, 101, 0, 119, 133, 92]
[114, 145, 116, 120, 0, 0, 131, 115, 135, 0, 145, 0, 107, 0, 95, 0, 0, 0, 94, 100, 127, 112, 149, 123]
[136, 139, 129, 147, 140, 146, 92, 131, 0, 100, 0, 0, 104, 0, 96, 130, 137, 141, 139, 134, 119, 131, 104, 0]
[118, 116, 146, 0, 0, 0, 92, 120, 136, 115, 110, 0, 121, 135, 122, 93, 108, 96, 0, 140, 0, 99, 113, 122]
[141, 124, 126, 0, 96, 0, 0, 94, 126, 0, 0, 0, 98, 114, 145, 146, 104, 106, 126, 93, 117, 93, 147, 0]
[127, 103, 113, 144, 103, 106, 112, 144, 0, 135, 104, 117, 0, 0, 125, 0, 94, 0, 135, 134, 121, 91, 116, 125]
[121, 0, 95, 148, 108, 101, 134, 144, 111, 0, 0, 0, 130, 0, 99, 99, 0, 0, 0, 0, 0, 0, 148, 136]
[0, 0, 0, 92, 115, 98, 100, 105, 0, 105, 129, 102, 149, 145, 0, 0, 100, 117, 0, 106, 134, 107, 106, 0]
0
[137, 0, 119, 96, 144, 0, 127, 102, 144, 0, 124, 0, 93, 92, 112, 149, 135, 114, 91, 0, 138, 135, 116, 144]
[131, 141, 0, 0, 0, 0, 144, 110, 142, 124, 138, 133, 0, 0, 0, 98, 97, 138, 0, 0, 111, 116, 121, 94]
0
[0, 143, 0, 0, 0, 138, 98, 101, 144, 0, 0, 0, 133, 0, 0, 108, 99, 0, 0, 0, 0, 109, 98, 0]
0
0
0
[0, 116, 107, 146, 138, 122, 103, 125, 0, 105, 139, 104, 147, 113, 101, 114, 130, 101, 114, 108, 120, 100, 138, 146]
[135, 0, 119, 99, 0, 130, 0, 0, 0, 122, 101, 123, 97, 0, 122, 135, 97, 147, 92, 139, 128, 95, 95, 111]
0
[94, 131, 149, 0, 106, 141, 132, 136, 95, 125, 0, 0, 139, 146, 134, 129, 104, 117, 99, 0, 91, 103, 129, 93]
0
[121, 130, 139, 0, 0, 0, 131, 116, 0, 96, 113, 145, 0, 90, 130, 96, 105, 136, 137, 117, 136, 130, 128, 102]
[134, 94, 136, 124, 146, 92, 132, 120, 93, 122, 91, 98, 94, 114, 100, 119, 114, 117, 0, 0, 0, 0, 0, 0]
[0, 0, 0, 141, 104, 101, 0, 147, 138, 145, 142, 131, 0, 101, 126, 97, 0, 118, 129, 93, 118, 117, 111, 99]
0
0
[114, 100, 136, 125, 0, 111, 0, 146, 0, 0, 0, 0, 149, 147, 142, 144, 0, 116, 106, 145, 107, 93, 0, 0]
0
[102, 110, 131, 113, 141, 124, 90, 0, 131, 90, 130, 92, 0, 0, 130, 119, 93, 101, 0, 0, 115, 132, 104, 116]
[0, 115, 148, 143, 148, 97, 146, 0, 101, 122, 125, 124, 95, 117, 0, 91, 0, 108, 134, 109, 141, 135, 110, 90]
[143, 145, 0, 144, 143, 0, 127, 136, 0, 0, 135, 0, 142, 97, 113, 143, 0, 0, 101, 141, 0, 141, 128, 90]
[108, 101, 145, 110, 138, 0, 0, 0, 107, 96, 96, 0, 116, 101, 91, 121, 112, 146, 134, 127, 99, 124, 100, 118]
[138, 105, 0, 99, 147, 90, 0, 127, 124, 125, 125, 122, 0, 0, 0, 127, 0, 110, 124, 129, 129, 128, 134, 0]
[124, 119, 133, 0, 134, 101, 90, 140, 127, 0, 0, 104, 109, 148, 0, 93, 142, 0, 0, 0, 0, 0, 122, 122]
[0, 104, 107, 139, 111, 118, 138, 119, 137, 93, 140, 130, 143, 142, 148, 0, 92, 108, 124, 0, 116, 94, 107, 110]
[0, 0, 0, 125, 149, 99, 142, 146, 105, 140, 103, 118, 117, 149, 97, 0, 141, 124, 0, 0, 0, 146, 124, 0]
[111, 100, 90, 133, 0, 142, 0, 147, 118, 0, 0, 0, 110, 132, 0, 149, 0, 95, 105, 149, 139, 132, 122, 94]
[108, 109, 127, 0, 106, 115, 149, 144, 0, 131, 91, 136, 135, 0, 126, 0, 0, 0, 149, 147, 106, 0, 0, 121]
[0, 125, 140, 0, 120, 0, 143, 148, 107, 0, 96, 132, 0, 0, 0, 102, 99, 0, 102, 0, 121, 121, 112, 0]
[115, 0, 132, 0, 0, 0, 107, 0, 0, 0, 128, 117, 0, 95, 146, 120, 149, 129, 0, 0, 0, 109, 90, 99]
0
[99, 99, 96, 131, 144, 92, 123, 129, 129, 0, 100, 100, 105, 118, 108, 146, 0, 128, 122, 120, 92, 109, 138, 128]
[115, 127, 117, 115, 148, 0, 0, 0, 0, 140, 114, 0, 0, 0, 0, 117, 119, 0, 112, 117, 127, 102, 112, 128]
[138, 114, 0, 0, 127, 120, 110, 130, 142, 146, 92, 97, 0, 114, 0, 0, 0, 0, 116, 109, 104, 0, 0, 0]
0
[0, 0, 143, 92, 0, 125, 91, 106, 149, 140, 0, 107, 0, 0, 0, 101, 118, 0, 0, 0, 117, 0, 0, 0]
[108, 147, 117, 105, 112, 126, 132, 146, 0, 0, 136, 117, 144, 126, 0, 137, 122, 100, 126, 138, 106, 0, 0, 0]
0
[103, 132, 116, 133, 121, 0, 112, 92, 110, 0, 0, 0, 131, 119, 127, 144, 108, 0, 132, 108, 133, 0, 0, 0]
[0, 0, 0, 0, 0, 0, 108, 0, 116, 101, 90, 0, 94, 0, 107, 134, 125, 132, 108, 0, 128, 0, 135, 0]
[125, 136, 147, 116, 122, 118, 141, 131, 148, 0, 100, 145, 146, 117, 148, 0, 109, 136, 132, 113, 145, 95, 110, 121]
[0, 109, 139, 134, 0, 112, 0, 0, 110, 141, 0, 113, 0, 0, 0, 108, 106, 113, 115, 113, 90, 0, 0, 0]
[119, 146, 96, 138, 135, 93, 114, 105, 115, 143, 103, 126, 0, 91, 128, 135, 137, 0, 121, 99, 132, 0, 116, 106]
0
[0, 94, 142, 142, 142, 121, 145, 93, 0, 139, 110, 115, 107, 0, 105, 92, 139, 117, 108, 121, 125, 128, 91, 100]
0
[116, 0, 0, 120, 119, 140, 111, 148, 123, 141, 134, 134, 95, 117, 115, 0, 0, 0, 124, 128, 92, 109, 109, 97]
[91, 110, 142, 146, 144, 91, 0, 0, 0, 0, 0, 109, 0, 0, 0, 0, 0, 107, 117, 120, 132, 141, 136, 108]
[0, 0, 0, 131, 0, 105, 0, 0, 0, 95, 135, 0, 0, 133, 101, 0, 0, 129, 103, 99, 123, 0, 129, 0]
[0, 119, 105, 146, 121, 109, 0, 0, 0, 124, 146, 146, 107, 122, 120, 0, 0, 115, 0, 136, 93, 0, 0, 0]
[100, 116, 114, 95, 0, 96, 0, 112, 120, 0, 0, 0, 124, 112, 0, 117, 125, 95, 91, 94, 0, 145, 0, 142]
0
[0, 0, 0, 0, 115, 0, 0, 94, 92, 141, 139, 125, 120, 104, 129, 0, 0, 0, 0, 124, 112, 142, 107, 138]
[137, 108, 99, 98, 145, 0, 97, 125, 125, 96, 128, 102, 133, 137, 142, 128, 137, 102, 108, 121, 96, 106, 136, 0]
0
[0, 137, 121, 0, 146, 140, 0, 114, 93, 0, 94, 0, 134, 134, 122, 120, 115, 146, 93, 107, 0, 0, 125, 116]
[122, 149, 0, 110, 140, 117, 0, 0, 97, 110, 0, 126, 104, 115, 0, 95, 128, 125, 0, 0, 122, 112, 0, 92]
[104, 129, 91, 95, 135, 125, 0, 100, 146, 129, 0, 134, 101, 0, 0, 135, 108, 149, 0, 120, 111, 0, 114, 0]
[146, 0, 104, 104, 0, 126, 121, 0, 0, 0, 0, 0, 124, 110, 0, 103, 109, 0, 0, 0, 0, 119, 92, 148]
[128, 132, 0, 115, 96, 145, 119, 143, 143, 110, 112, 141, 0, 0, 0, 118, 0, 124, 98, 107, 149, 0, 0, 0]
[147, 106, 130, 132, 125, 145, 142, 125, 145, 95, 149, 0, 138, 127, 0, 113, 132, 103, 129, 100, 127, 0, 0, 122]
[103, 121, 120, 0, 0, 0, 0, 122, 105, 0, 0, 0, 105, 107, 99, 134, 92, 0, 137, 0, 122, 0, 117, 120]
0
[101, 123, 109, 137, 98, 106, 147, 123, 130, 149, 134, 95, 142, 123, 107, 100, 137, 110, 112, 146, 122, 101, 142, 140]
[126, 131, 137, 93, 112, 147, 129, 144, 125, 120, 149, 122, 0, 0, 0, 142, 0, 0, 107, 104, 134, 112, 0, 128]
[95, 123, 114, 120, 108, 113, 133, 0, 100, 0, 0, 0, 121, 120, 0, 103, 0, 137, 115, 145, 141, 148, 146, 129]
[123, 0, 132, 132, 93, 0, 0, 0, 119, 0, 133, 108, 121, 144, 117, 139, 100, 103, 0, 112, 134, 0, 0, 0]
[0, 0, 0, 0, 103, 124, 119, 99, 125, 138, 139, 106, 131, 147, 124, 138, 0, 106, 0, 134, 149, 0, 0, 0]
0
[141, 115, 131, 145, 102, 135, 118, 0, 126, 129, 145, 148, 0, 134, 127, 110, 126, 104, 116, 0, 144, 0, 0, 0]
[0, 0, 0, 149, 123, 90, 139, 135, 93, 117, 117, 115, 108, 112, 105, 118, 127, 104, 90, 140, 105, 140, 144, 137]
[130, 149, 0, 102, 116, 145, 115, 140, 119, 143, 143, 94, 99, 94, 135, 129, 99, 144, 0, 90, 111, 134, 122, 0]
[0, 103, 147, 147, 112, 111, 92, 115, 0, 142, 139, 0, 0, 0, 0, 108, 118, 96, 140, 112, 121, 138, 99, 124]
[125, 132, 120, 0, 124, 112, 106, 110, 147, 143, 100, 139, 0, 138, 0, 142, 145, 116, 93, 101, 109, 100, 105, 109]
[114, 138, 117, 133, 103, 125, 125, 0, 131, 123, 0, 110, 0, 0, 0, 105, 109, 111, 110, 106, 106, 101, 123, 124]
[121, 101, 109, 0, 102, 141, 0, 146, 0, 115, 118, 113, 102, 115, 0, 131, 129, 117, 106, 91, 126, 98, 118, 0]
[143, 123, 147, 122, 0, 136, 138, 0, 0, 132, 0, 117, 0, 109, 139, 0, 0, 0, 0, 115, 127, 0, 0, 0]
[145, 0, 94, 147, 138, 93, 0, 0, 0, 120, 0, 105, 112, 117, 115, 109, 97, 98, 115, 0, 90, 0, 0, 106]
[95, 0, 125, 136, 108, 119, 0, 127, 95, 0, 124, 141, 101, 0, 0, 116, 108, 107, 100, 0, 96, 0, 0, 133]
[138, 90, 109, 145, 113, 139, 146, 114, 118, 0, 97, 107, 112, 120, 105, 0, 0, 0, 0, 0, 0, 99, 90, 90]
[112, 107, 126, 96, 138, 96, 0, 0, 0, 0, 0, 0, 117, 0, 146, 0, 109, 128, 149, 117, 0, 149, 109, 0]
[130, 125, 141, 144, 93, 131, 115, 92, 0, 148, 143, 104, 0, 0, 90, 132, 148, 0, 123, 118, 114, 124, 109, 0]
[0, 130, 0, 0, 0, 0, 0, 0, 0, 0, 0, 0, 114, 0, 139, 116, 0, 99, 119, 125, 128, 149, 110, 91]
[0, 0, 0, 0, 139, 145, 0, 116, 148, 0, 0, 0, 128, 105, 91, 146, 0, 134, 124, 137, 105, 0, 130, 0]
0
[139, 110, 111, 0, 0, 0, 103, 0, 90, 125, 123, 98, 0, 105, 114, 0, 138, 140, 120, 92, 95, 96, 92, 101]
[135, 143, 114, 112, 103, 125, 122, 95, 132, 0, 140, 0, 119, 98, 111, 133, 132, 133, 104, 141, 115, 101, 142, 102]
[0, 0, 0, 0, 138, 98, 147, 100, 0, 0, 122, 97, 0, 0, 0, 0, 0, 143, 0, 99, 143, 0, 0, 100]
[139, 105, 142, 0, 103, 146, 117, 141, 144, 0, 0, 0, 128, 124, 0, 91, 118, 103, 135, 105, 0, 0, 0, 134]
0
[131, 134, 128, 138, 114, 133, 136, 120, 95, 110, 105, 111, 118, 131, 0, 102, 114, 101, 0, 93, 0, 120, 95, 0]
0
[0, 117, 117, 0, 122, 101, 133, 144, 123, 149, 146, 148, 138, 0, 131, 0, 0, 0, 148, 130, 0, 0, 0, 0]
[0, 0, 95, 0, 0, 0, 126, 0, 136, 112, 131, 0, 129, 104, 0, 92, 108, 96, 115, 0, 109, 0, 0, 0]
0
[104, 149, 117, 124, 90, 145, 118, 114, 104, 102, 0, 104, 99, 96, 110, 0, 0, 0, 95, 128, 0, 123, 104, 135]
[90, 145, 97, 144, 138, 134, 111, 131, 116, 106, 125, 140, 139, 0, 0, 0, 0, 0, 109, 112, 142, 0, 0, 0]
[135, 94, 0, 101, 100, 139, 138, 0, 120, 0, 105, 94, 0, 108, 111, 137, 0, 105, 0, 143, 111, 118, 0, 0]
[139, 96, 97, 113, 106, 135, 122, 110, 105, 104, 0, 132, 0, 0, 0, 119, 0, 0, 134, 120, 105, 90, 123, 118]
0
[113, 0, 110, 0, 135, 93, 91, 0, 147, 149, 97, 131, 130, 115, 0, 0, 149, 98, 0, 0, 0, 99, 0, 100]
[112, 113, 125, 112, 141, 96, 0, 138, 114, 109, 0, 99, 134, 138, 98, 0, 139, 147, 0, 115, 112, 0, 114, 127]
0
[0, 126, 125, 0, 109, 140, 124, 120, 0, 0, 0, 0, 0, 0, 0, 99, 147, 145, 0, 128, 139, 107, 110, 91]
[0, 0, 0, 138, 138, 90, 135, 90, 0, 131, 0, 92, 90, 145, 143, 125, 117, 133, 144, 115, 103, 105, 0, 123]
[121, 0, 98, 149, 107, 103, 143, 0, 129, 127, 119, 0, 120, 143, 103, 0, 0, 99, 121, 118, 90, 135, 108, 129]
[127, 137, 90, 136, 105, 97, 142, 112, 118, 139, 141, 107, 0, 139, 94, 94, 92, 142, 0, 135, 137, 0, 108, 112]
0
[142, 99, 147, 119, 110, 0, 121, 132, 0, 101, 0, 0, 147, 0, 128, 127, 112, 94, 142, 138, 147, 0, 127, 104]
[124, 105, 128, 0, 0, 0, 100, 141, 0, 0, 92, 0, 134, 96, 100, 132, 131, 132, 145, 130, 132, 137, 109, 124]
[0, 0, 0, 96, 108, 118, 0, 125, 146, 0, 0, 122, 131, 147, 144, 114, 113, 122, 99, 114, 93, 91, 96, 143]
[0, 0, 0, 0, 0, 0, 97, 149, 119, 0, 95, 111, 93, 119, 110, 140, 129, 111, 149, 0, 144, 129, 144, 0]
[0, 124, 147, 0, 0, 0, 0, 133, 112, 0, 130, 111, 133, 127, 110, 0, 112, 94, 104, 99, 145, 0, 117, 145]
[134, 148, 144, 102, 119, 148, 131, 145, 107, 116, 129, 108, 94, 100, 0, 112, 133, 110, 0, 0, 0, 128, 0, 0]
[142, 147, 149, 0, 0, 137, 113, 148, 0, 94, 137, 127, 0, 95, 93, 118, 105, 0, 105, 0, 0, 0, 0, 0]
[137, 100, 116, 133, 0, 95, 103, 134, 104, 0, 0, 0, 0, 126, 128, 138, 142, 96, 0, 0, 0, 0, 110, 0]
0
[99, 140, 127, 95, 145, 118, 118, 0, 121, 123, 106, 0, 0, 131, 103, 102, 131, 0, 147, 133, 149, 0, 95, 0]
[135, 0, 99, 90, 148, 92, 129, 95, 121, 94, 0, 116, 118, 143, 0, 113, 104, 134, 142, 103, 99, 127, 120, 132]
[93, 107, 0, 110, 140, 127, 110, 143, 107, 119, 0, 119, 95, 138, 143, 123, 122, 108, 0, 0, 0, 0, 142, 110]
[0, 0, 0, 134, 145, 107, 122, 135, 0, 114, 133, 0, 0, 0, 93, 141, 118, 98, 92, 132, 143, 0, 127, 140]
[149, 0, 0, 0, 0, 0, 122, 146, 130, 97, 0, 123, 113, 93, 128, 112, 136, 99, 112, 133, 0, 0, 0, 0]
[0, 0, 0, 134, 113, 0, 126, 113, 0, 0, 115, 102, 111, 90, 121, 137, 0, 0, 116, 113, 144, 92, 103, 0]
[106, 0, 93, 133, 92, 102, 0, 0, 0, 141, 91, 118, 0, 0, 0, 142, 135, 116, 113, 130, 0, 142, 127, 107]
[102, 144, 118, 129, 149, 147, 127, 131, 132, 111, 93, 149, 126, 106, 0, 130, 124, 0, 92, 122, 149, 100, 110, 117]
[114, 140, 102, 116, 145, 123, 0, 0, 148, 0, 0, 0, 106, 142, 129, 123, 0, 0, 0, 98, 92, 0, 0, 0]
0
[149, 96, 105, 134, 0, 92, 0, 123, 149, 106, 130, 99, 0, 138, 106, 148, 116, 95, 141, 122, 107, 101, 98, 102]
0
[0, 125, 0, 97, 136, 119, 93, 96, 117, 140, 96, 126, 0, 0, 0, 122, 148, 120, 0, 103, 138, 0, 0, 0]
[122, 127, 131, 100, 106, 103, 140, 139, 93, 108, 90, 115, 106, 127, 114, 0, 0, 0, 100, 101, 110, 142, 96, 123]
[127, 110, 0, 124, 98, 145, 0, 118, 112, 90, 118, 118, 0, 125, 93, 102, 139, 131, 110, 110, 130, 123, 147, 0]
0
[134, 117, 96, 0, 127, 135, 0, 0, 0, 105, 122, 138, 101, 0, 118, 131, 124, 111, 128, 99, 133, 0, 0, 0]
[0, 133, 0, 143, 95, 149, 109, 0, 93, 96, 127, 148, 138, 104, 0, 0, 111, 97, 95, 111, 0, 97, 133, 147]
[0, 0, 0, 148, 0, 125, 0, 146, 125, 114, 0, 135, 0, 122, 0, 0, 127, 0, 146, 109, 94, 0, 0, 0]
[137, 92, 121, 0, 0, 0, 101, 117, 114, 108, 107, 139, 0, 0, 0, 137, 99, 112, 143, 140, 100, 134, 103, 0]
[145, 99, 106, 108, 137, 96, 128, 0, 126, 149, 140, 113, 117, 126, 136, 0, 148, 133, 0, 0, 0, 148, 0, 139]
[0, 0, 0, 0, 0, 0, 136, 142, 125, 149, 121, 95, 137, 0, 110, 141, 123, 115, 110, 110, 0, 135, 149, 125]
0
[0, 0, 0, 109, 0, 127, 0, 107, 0, 90, 142, 145, 148, 109, 112, 0, 0, 0, 145, 0, 123, 114, 0, 145]
[124, 122, 129, 138, 142, 91, 135, 0, 0, 138, 101, 0, 146, 90, 149, 101, 119, 131, 0, 0, 0, 0, 0, 0]
[134, 102, 117, 126, 0, 142, 141, 129, 91, 0, 0, 0, 134, 131, 0, 103, 127, 135, 0, 0, 0, 144, 148, 93]
[0, 0, 0, 0, 0, 0, 0, 0, 0, 107, 0, 135, 0, 0, 112, 114, 126, 106, 0, 126, 137, 149, 99, 147]
[93, 144, 0, 124, 124, 109, 142, 141, 0, 111, 142, 124, 120, 90, 130, 129, 109, 93, 0, 0, 0, 0, 106, 128]
[112, 98, 129, 119, 0, 106, 0, 0, 130, 0, 138, 122, 125, 143, 124, 140, 107, 117, 139, 107, 124, 0, 0, 111]
[96, 131, 125, 145, 91, 103, 119, 106, 115, 0, 0, 0, 0, 142, 131, 107, 91, 0, 146, 100, 116, 126, 134, 103]
[0, 101, 0, 149, 96, 0, 114, 105, 0, 113, 100, 0, 0, 0, 0, 139, 115, 109, 0, 131, 115, 104, 103, 92]
0
[98, 132, 133, 108, 0, 125, 130, 115, 115, 133, 131, 130, 100, 108, 100, 132, 124, 143, 0, 139, 93, 90, 109, 98]
[115, 92, 0, 98, 0, 0, 0, 137, 107, 0, 94, 146, 128, 112, 0, 146, 145, 131, 0, 101, 104, 100, 134, 96]
0
[104, 0, 104, 138, 112, 147, 122, 0, 97, 135, 100, 131, 0, 0, 0, 126, 130, 0, 0, 120, 108, 0, 0, 0]
0
0
[0, 0, 0, 120, 119, 116, 0, 110, 135, 146, 129, 137, 101, 128, 118, 91, 90, 99, 91, 147, 135, 140, 133, 143]
[146, 122, 0, 112, 91, 93, 114, 94, 0, 135, 92, 143, 135, 140, 90, 104, 0, 110, 0, 0, 0, 115, 94, 134]
[132, 123, 144, 121, 134, 108, 99, 101, 0, 0, 104, 125, 143, 120, 100, 112, 98, 120, 0, 102, 103, 143, 93, 0]
0
[149, 120, 132, 144, 120, 0, 116, 102, 93, 141, 94, 147, 115, 107, 139, 91, 91, 121, 0, 124, 0, 95, 0, 135]
[115, 93, 129, 129, 0, 0, 0, 118, 101, 103, 0, 141, 129, 146, 137, 141, 123, 147, 0, 122, 0, 0, 0, 129]
[0, 112, 92, 124, 0, 108, 115, 97, 137, 0, 0, 0, 0, 0, 0, 94, 0, 92, 94, 126, 147, 132, 110, 142]
[0, 145, 0, 113, 111, 91, 93, 143, 0, 0, 0, 0, 124, 117, 123, 95, 0, 111, 146, 137, 116, 106, 0, 109]
0
[0, 91, 142, 0, 116, 139, 0, 0, 0, 0, 138, 113, 95, 139, 135, 0, 135, 98, 148, 0, 138, 126, 125, 112]
[99, 130, 139, 128, 145, 98, 138, 147, 146, 96, 93, 0, 100, 118, 96, 111, 96, 0, 92, 107, 141, 140, 146, 105]
0
0
[0, 93, 0, 141, 0, 131, 106, 105, 137, 144, 109, 130, 144, 101, 116, 142, 0, 0, 110, 116, 108, 132, 0, 118]
[127, 109, 142, 0, 149, 120, 0, 144, 0, 0, 0, 0, 139, 128, 100, 98, 96, 123, 149, 96, 125, 138, 138, 90]
0
0
[0, 137, 106, 149, 103, 136, 122, 0, 102, 104, 0, 111, 0, 0, 0, 137, 103, 146, 0, 102, 122, 147, 0, 148]
[123, 140, 97, 102, 106, 0, 0, 0, 0, 0, 111, 112, 124, 133, 0, 0, 107, 100, 0, 136, 117, 98, 0, 132]
[131, 135, 121, 104, 127, 115, 103, 131, 112, 0, 0, 0, 0, 0, 0, 119, 92, 126, 145, 136, 118, 0, 103, 114]
[136, 92, 111, 144, 136, 0, 0, 0, 0, 0, 143, 107, 140, 120, 132, 113, 114, 0, 128, 111, 90, 0, 0, 0]
[114, 91, 147, 0, 137, 120, 102, 148, 92, 135, 91, 107, 95, 138, 113, 136, 137, 113, 143, 0, 0, 102, 131, 95]
[130, 142, 101, 114, 142, 92, 114, 99, 130, 0, 99, 94, 131, 91, 117, 106, 122, 131, 131, 108, 147, 134, 95, 149]
[105, 105, 128, 0, 0, 0, 0, 0, 0, 143, 135, 146, 123, 123, 139, 119, 142, 136, 126, 0, 94, 134, 136, 130]
[143, 113, 0, 114, 136, 104, 115, 143, 0, 106, 128, 135, 137, 94, 0, 93, 0, 137, 0, 0, 0, 0, 0, 0]
[103, 99, 107, 142, 0, 0, 98, 149, 103, 92, 123, 117, 0, 111, 0, 122, 107, 147, 149, 107, 130, 0, 108, 0]
0
[112, 114, 90, 0, 90, 96, 0, 94, 103, 0, 0, 100, 0, 0, 0, 114, 113, 125, 110, 122, 92, 101, 0, 0]
[0, 106, 148, 0, 0, 108, 149, 0, 124, 99, 105, 133, 125, 101, 0, 113, 93, 0, 142, 94, 138, 124, 0, 148]
0
[135, 136, 0, 0, 0, 0, 0, 0, 0, 0, 112, 131, 0, 134, 98, 0, 0, 0, 0, 96, 0, 90, 0, 125]
[115, 90, 123, 0, 0, 0, 149, 0, 142, 139, 138, 0, 104, 135, 96, 0, 139, 0, 98, 118, 148, 0, 138, 143]
[143, 141, 99, 132, 119, 139, 0, 0, 0, 0, 102, 104, 140, 0, 110, 149, 105, 141, 91, 115, 138, 0, 99, 144]
0
[0, 145, 133, 95, 0, 137, 94, 115, 0, 135, 0, 107, 149, 0, 97, 128, 115, 117, 106, 102, 143, 112, 0, 0]
0
[0, 0, 0, 111, 118, 112, 116, 139, 100, 0, 0, 119, 0, 0, 0, 145, 102, 0, 140, 115, 136, 121, 139, 97]
[95, 107, 0, 0, 0, 139, 0, 100, 118, 0, 92, 92, 105, 92, 120, 149, 145, 146, 128, 143, 130, 0, 95, 140]
[144, 113, 0, 0, 0, 0, 141, 113, 139, 0, 113, 99, 103, 140, 0, 115, 96, 91, 0, 0, 0, 119, 0, 140]
[0, 116, 142, 0, 133, 106, 0, 92, 94, 0, 0, 0, 148, 143, 113, 138, 115, 141, 0, 138, 133, 0, 0, 0]
[0, 131, 143, 143, 115, 104, 0, 0, 0, 0, 0, 0, 138, 136, 0, 91, 0, 137, 124, 131, 0, 118, 121, 113]
[112, 117, 109, 120, 117, 119, 120, 108, 0, 132, 131, 145, 0, 0, 0, 148, 107, 137, 93, 125, 134, 125, 110, 131]
[127, 0, 102, 0, 91, 94, 110, 98, 97, 109, 147, 143, 109, 138, 118, 132, 0, 0, 0, 137, 145, 0, 0, 0]
[90, 137, 0, 0, 98, 126, 0, 0, 97, 107, 142, 107, 143, 103, 136, 126, 132, 110, 0, 0, 0, 97, 104, 140]
[0, 0, 0, 134, 0, 142, 146, 148, 131, 105, 104, 132, 119, 117, 126, 0, 104, 0, 0, 98, 125, 93, 116, 148]
[0, 145, 0, 0, 0, 0, 0, 99, 0, 146, 111, 118, 148, 112, 143, 0, 0, 0, 120, 108, 140, 143, 134, 147]
0
0
0
[149, 135, 133, 127, 92, 0, 113, 101, 90, 0, 0, 0, 134, 112, 130, 135, 120, 147, 99, 91, 107, 131, 149, 112]
[0, 97, 137, 122, 140, 0, 146, 135, 112, 104, 0, 108, 0, 0, 0, 110, 113, 0, 94, 0, 94, 0, 0, 0]
[124, 102, 145, 124, 123, 148, 135, 140, 96, 130, 98, 0, 123, 136, 140, 106, 124, 123, 144, 141, 92, 0, 0, 0]
[107, 108, 0, 133, 135, 106, 96, 131, 126, 90, 102, 103, 0, 95, 138, 121, 101, 122, 92, 92, 104, 141, 134, 0]
[0, 96, 120, 0, 105, 92, 145, 104, 0, 120, 0, 114, 143, 103, 0, 99, 149, 0, 126, 128, 149, 0, 0, 114]
0
0
[146, 121, 146, 138, 117, 99, 94, 92, 93, 101, 133, 148, 0, 0, 0, 121, 0, 104, 0, 97, 132, 0, 109, 104]
0
[106, 142, 136, 96, 123, 114, 107, 109, 94, 0, 100, 97, 128, 131, 99, 131, 107, 123, 126, 97, 0, 0, 0, 0]
[106, 0, 0, 124, 127, 138, 131, 105, 0, 0, 116, 129, 122, 147, 95, 148, 103, 92, 119, 116, 111, 98, 92, 125]
0
[143, 127, 0, 137, 107, 138, 100, 142, 141, 108, 0, 148, 0, 0, 118, 116, 0, 0, 128, 95, 133, 0, 0, 0]
[100, 144, 0, 137, 0, 146, 0, 123, 0, 0, 128, 135, 117, 125, 0, 97, 0, 0, 92, 138, 128, 140, 92, 137]
[143, 108, 116, 139, 94, 93, 118, 108, 143, 109, 97, 126, 147, 142, 99, 149, 147, 0, 121, 119, 0, 0, 0, 0]
[139, 106, 104, 132, 113, 0, 125, 112, 131, 97, 124, 111, 92, 99, 0, 104, 143, 0, 149, 103, 138, 102, 101, 130]
[0, 0, 0, 138, 121, 127, 140, 0, 135, 100, 141, 117, 91, 0, 119, 114, 111, 106, 120, 115, 0, 0, 130, 106]
[115, 136, 94, 0, 140, 104, 0, 133, 136, 148, 93, 0, 104, 103, 121, 106, 119, 125, 96, 135, 146, 133, 96, 119]
0
[0, 147, 127, 0, 0, 147, 0, 110, 129, 120, 97, 0, 145, 139, 117, 141, 114, 148, 0, 0, 0, 97, 132, 140]
[91, 114, 104, 130, 97, 134, 121, 122, 146, 0, 98, 114, 0, 0, 0, 148, 142, 127, 0, 106, 132, 142, 135, 110]
[147, 0, 0, 147, 143, 138, 0, 112, 129, 116, 114, 137, 0, 0, 0, 96, 137, 0, 106, 104, 0, 94, 0, 138]
[102, 0, 101, 143, 121, 0, 95, 0, 0, 0, 106, 145, 0, 0, 0, 0, 141, 0, 0, 0, 0, 127, 142, 135]
0
[109, 101, 105, 0, 146, 130, 138, 145, 108, 147, 134, 0, 143, 0, 94, 0, 0, 0, 124, 109, 116, 113, 111, 0]
[0, 95, 90, 0, 0, 0, 130, 96, 122, 110, 98, 110, 0, 0, 0, 0, 144, 111, 126, 90, 112, 0, 127, 94]
[121, 0, 116, 140, 102, 95, 93, 96, 94, 0, 103, 0, 149, 122, 100, 115, 147, 106, 0, 0, 0, 0, 0, 0]
[0, 147, 105, 0, 122, 0, 100, 0, 0, 104, 0, 98, 0, 90, 0, 147, 0, 120, 148, 104, 145, 102, 134, 0]
0
0
0
0
[0, 0, 0, 138, 115, 130, 135, 0, 90, 0, 94, 105, 148, 117, 109, 0, 116, 115, 0, 0, 0, 122, 91, 0]
[143, 141, 114, 104, 112, 101, 141, 126, 100, 95, 0, 149, 122, 90, 124, 118, 0, 103, 90, 114, 0, 143, 0, 141]
[147, 143, 141, 146, 136, 0, 112, 124, 147, 139, 135, 126, 119, 147, 94, 138, 115, 91, 0, 107, 119, 0, 0, 0]
[0, 0, 134, 106, 134, 130, 131, 0, 129, 129, 0, 110, 0, 0, 0, 0, 0, 110, 104, 113, 0, 132, 94, 113]
[116, 96, 141, 129, 90, 124, 99, 0, 141, 0, 0, 0, 0, 0, 0, 123, 114, 93, 91, 128, 121, 134, 108, 102]
[135, 110, 93, 0, 0, 0, 140, 90, 0, 141, 104, 102, 139, 120, 112, 147, 107, 91, 101, 132, 0, 92, 94, 131]
0
[0, 0, 127, 109, 135, 102, 135, 146, 0, 0, 0, 0, 98, 132, 95, 107, 0, 0, 109, 95, 104, 93, 126, 106]
[125, 104, 102, 0, 0, 91, 139, 124, 114, 128, 102, 137, 0, 134, 121, 97, 90, 95, 96, 0, 148, 0, 119, 130]
[139, 91, 109, 113, 95, 0, 139, 113, 145, 0, 0, 129, 140, 0, 109, 124, 0, 123, 92, 98, 141, 134, 138, 136]
[102, 101, 107, 0, 0, 124, 112, 112, 131, 0, 93, 149, 140, 118, 148, 104, 113, 145, 127, 0, 137, 0, 106, 138]
0
0
0
[0, 0, 0, 114, 149, 126, 0, 0, 0, 124, 142, 0, 129, 0, 130, 120, 94, 0, 113, 149, 101, 102, 148, 91]
[0, 118, 144, 131, 140, 0, 120, 132, 95, 103, 136, 0, 0, 0, 95, 0, 0, 0, 116, 147, 133, 0, 0, 0]
[105, 108, 105, 136, 145, 118, 139, 131, 0, 148, 125, 145, 95, 97, 92, 147, 0, 0, 0, 0, 0, 0, 100, 132]
[94, 0, 101, 91, 119, 116, 0, 0, 0, 127, 149, 0, 132, 137, 98, 0, 123, 133, 144, 129, 100, 90, 103, 99]
0
[132, 0, 147, 124, 146, 114, 125, 140, 0, 0, 0, 0, 0, 103, 133, 105, 131, 0, 94, 0, 130, 0, 0, 0]
[125, 144, 0, 146, 101, 90, 117, 139, 140, 132, 102, 0, 113, 107, 116, 143, 123, 132, 128, 99, 136, 130, 0, 140]
[132, 0, 148, 96, 0, 94, 130, 118, 139, 143, 108, 94, 112, 0, 116, 136, 113, 134, 92, 99, 98, 0, 0, 0]
[0, 113, 0, 146, 0, 117, 90, 106, 111, 0, 0, 109, 127, 131, 106, 93, 142, 0, 0, 0, 0, 118, 97, 121]
[147, 107, 102, 125, 104, 124, 0, 0, 0, 95, 0, 139, 136, 104, 0, 137, 0, 128, 148, 96, 100, 146, 0, 124]
[0, 0, 0, 142, 107, 0, 93, 99, 93, 104, 90, 0, 90, 0, 147, 122, 143, 138, 0, 0, 0, 0, 107, 138]
[0, 0, 137, 138, 103, 0, 98, 97, 141, 138, 0, 114, 147, 102, 116, 98, 0, 105, 130, 128, 129, 116, 120, 92]
[111, 115, 0, 120, 0, 117, 0, 136, 142, 91, 114, 105, 0, 143, 95, 114, 148, 120, 0, 0, 0, 0, 137, 0]
0
0
0
0
0
0
[90, 0, 110, 129, 106, 124, 147, 117, 104, 0, 0, 0, 0, 0, 0, 93, 133, 115, 90, 0, 0, 0, 113, 0]
[97, 129, 113, 0, 110, 147, 106, 137, 145, 140, 0, 115, 141, 149, 124, 0, 0, 0, 90, 0, 148, 133, 112, 118]
[104, 110, 144, 0, 0, 0, 133, 100, 116, 107, 111, 96, 138, 0, 141, 104, 0, 131, 0, 0, 0, 135, 0, 144]
[0, 0, 0, 93, 0, 110, 135, 0, 114, 0, 0, 0, 126, 109, 131, 0, 136, 115, 143, 142, 0, 141, 132, 108]
0
0
[110, 126, 96, 0, 149, 97, 0, 0, 126, 134, 125, 94, 114, 100, 98, 147, 99, 125, 143, 98, 98, 146, 0, 96]
[148, 0, 141, 0, 120, 124, 123, 147, 0, 107, 106, 0, 0, 140, 142, 136, 143, 102, 0, 0, 0, 95, 99, 132]
[109, 0, 141, 110, 97, 0, 0, 0, 124, 105, 110, 107, 139, 103, 116, 131, 0, 145, 0, 0, 0, 137, 0, 94]
[98, 149, 0, 124, 92, 97, 0, 0, 0, 146, 138, 113, 139, 101, 0, 0, 111, 0, 118, 124, 101, 115, 0, 94]
[0, 0, 0, 0, 0, 0, 123, 124, 0, 93, 146, 96, 143, 133, 138, 120, 146, 97, 102, 130, 124, 118, 0, 0]
[94, 105, 147, 147, 0, 145, 124, 148, 110, 139, 120, 112, 0, 0, 0, 100, 121, 122, 105, 130, 113, 0, 0, 0]
[137, 129, 0, 142, 0, 0, 129, 0, 113, 0, 101, 125, 0, 130, 0, 126, 135, 94, 141, 0, 129, 104, 114, 92]
[118, 0, 125, 109, 135, 116, 0, 0, 0, 0, 0, 143, 124, 0, 118, 116, 117, 126, 137, 135, 135, 145, 0, 135]
[94, 97, 0, 121, 132, 112, 94, 92, 137, 145, 0, 99, 120, 118, 0, 93, 91, 132, 103, 103, 0, 102, 93, 146]
[130, 117, 141, 114, 0, 0, 147, 0, 148, 102, 0, 125, 91, 129, 0, 126, 144, 125, 115, 117, 128, 0, 0, 0]
[117, 0, 0, 133, 0, 91, 143, 0, 106, 0, 146, 0, 97, 149, 135, 142, 94, 118, 137, 109, 109, 146, 138, 95]
0
[140, 135, 122, 0, 108, 133, 0, 0, 0, 0, 0, 0, 123, 100, 106, 132, 0, 138, 111, 111, 0, 96, 119, 121]
[0, 0, 0, 110, 0, 112, 107, 124, 0, 95, 0, 115, 139, 107, 0, 0, 0, 0, 117, 0, 128, 103, 119, 0]
[143, 135, 126, 0, 0, 0, 96, 109, 0, 0, 0, 0, 116, 99, 108, 135, 133, 130, 0, 144, 106, 145, 139, 130]
[107, 141, 122, 111, 101, 117, 130, 126, 105, 0, 105, 119, 126, 123, 0, 109, 91, 114, 125, 132, 0, 131, 133, 0]
[128, 0, 93, 0, 136, 133, 131, 114, 99, 122, 96, 108, 135, 0, 119, 0, 0, 0, 146, 0, 133, 105, 101, 134]
[0, 130, 0, 100, 120, 110, 106, 120, 113, 104, 109, 110, 119, 0, 0, 0, 110, 115, 138, 140, 106, 105, 0, 0]
0
0
0
0
0
0
0
[106, 109, 109, 0, 145, 122, 123, 114, 122, 0, 0, 105, 0, 147, 149, 95, 140, 148, 122, 108, 108, 0, 127, 108]
[0, 0, 0, 129, 115, 0, 117, 117, 108, 116, 96, 106, 92, 126, 143, 0, 0, 0, 117, 114, 121, 148, 0, 92]
[0, 0, 0, 98, 123, 138, 133, 0, 116, 116, 136, 0, 119, 100, 121, 0, 119, 146, 0, 0, 0, 0, 149, 123]
[134, 0, 127, 0, 106, 113, 113, 0, 101, 132, 111, 125, 108, 0, 119, 0, 0, 131, 139, 0, 145, 0, 124, 0]
[140, 0, 129, 90, 0, 103, 118, 107, 0, 110, 105, 123, 102, 90, 148, 136, 102, 124, 109, 100, 123, 109, 97, 120]
0
[0, 143, 90, 90, 144, 92, 147, 141, 118, 135, 138, 0, 141, 0, 97, 133, 90, 105, 142, 123, 128, 128, 118, 110]
[0, 0, 0, 0, 102, 0, 91, 101, 0, 147, 98, 0, 146, 116, 0, 135, 125, 0, 136, 145, 120, 0, 138, 148]
0
[107, 0, 126, 119, 118, 149, 104, 102, 0, 149, 0, 143, 116, 122, 146, 104, 112, 144, 112, 91, 122, 0, 126, 118]
[112, 0, 126, 90, 92, 138, 131, 136, 140, 0, 0, 95, 111, 0, 106, 0, 0, 0, 95, 115, 148, 149, 96, 141]
[0, 0, 0, 0, 114, 0, 123, 106, 139, 124, 108, 126, 0, 111, 0, 122, 128, 104, 0, 0, 0, 138, 93, 117]
0
0
[144, 102, 125, 0, 121, 116, 143, 142, 111, 132, 119, 139, 0, 119, 138, 139, 0, 115, 0, 0, 0, 0, 0, 0]
[0, 147, 142, 134, 0, 134, 117, 142, 0, 147, 133, 119, 139, 127, 110, 113, 94, 104, 0, 110, 147, 100, 91, 0]
[126, 0, 105, 99, 0, 146, 90, 91, 119, 112, 149, 0, 0, 0, 0, 140, 92, 125, 102, 0, 147, 0, 126, 139]
[121, 0, 0, 125, 97, 136, 127, 131, 0, 0, 130, 98, 132, 146, 108, 136, 148, 0, 95, 92, 148, 118, 116, 133]
0
[0, 0, 0, 149, 117, 0, 0, 0, 0, 143, 121, 0, 149, 137, 115, 99, 90, 0, 122, 0, 106, 115, 137, 123]
[146, 98, 124, 121, 120, 0, 142, 145, 140, 143, 121, 140, 124, 121, 96, 109, 123, 96, 143, 133, 128, 95, 145, 143]
[148, 109, 0, 0, 0, 0, 114, 107, 118, 100, 121, 114, 94, 112, 132, 0, 0, 0, 103, 0, 98, 0, 0, 125]
[96, 95, 147, 147, 95, 116, 0, 0, 0, 0, 113, 138, 132, 133, 0, 102, 131, 96, 0, 91, 116, 0, 92, 0]
[127, 107, 94, 100, 93, 0, 0, 0, 0, 0, 109, 0, 129, 140, 149, 125, 0, 136, 0, 100, 144, 91, 102, 103]
0
0
0
0
0
0
0
0
0
0
0
[126, 111, 145, 143, 0, 126, 111, 141, 106, 147, 143, 0, 0, 114, 148, 0, 0, 0, 93, 0, 132, 136, 130, 127]
[0, 0, 0, 120, 109, 95, 0, 118, 146, 0, 98, 96, 109, 114, 133, 0, 110, 108, 131, 100, 128, 131, 114, 103]
[104, 144, 145, 134, 96, 0, 0, 93, 118, 91, 144, 117, 142, 131, 120, 98, 127, 145, 114, 104, 0, 137, 0, 131]
[117, 115, 118, 105, 0, 0, 114, 100, 101, 0, 0, 0, 131, 147, 113, 90, 123, 101, 149, 140, 115, 138, 118, 106]
[105, 103, 110, 146, 139, 96, 0, 0, 102, 139, 127, 92, 113, 126, 0, 0, 128, 94, 123, 93, 144, 0, 98, 117]
[111, 138, 92, 0, 0, 0, 118, 90, 0, 141, 132, 110, 121, 93, 141, 109, 0, 100, 116, 133, 105, 0, 96, 119]
[0, 113, 117, 112, 0, 140, 0, 0, 0, 135, 103, 93, 0, 0, 142, 0, 144, 128, 109, 121, 124, 131, 0, 0]
0
[103, 0, 145, 139, 112, 123, 95, 0, 0, 129, 104, 0, 103, 98, 0, 113, 101, 107, 133, 110, 95, 137, 149, 128]
[144, 133, 125, 132, 135, 124, 132, 115, 0, 0, 0, 0, 0, 104, 136, 106, 130, 0, 0, 124, 0, 127, 94, 93]
[133, 96, 147, 149, 0, 126, 139, 144, 0, 130, 109, 0, 0, 0, 0, 0, 102, 90, 103, 0, 141, 0, 0, 0]
[118, 0, 134, 0, 141, 121, 142, 140, 114, 104, 0, 96, 112, 0, 107, 0, 104, 0, 0, 127, 147, 100, 0, 0]
[106, 0, 90, 123, 116, 121, 145, 140, 109, 99, 119, 138, 115, 106, 90, 99, 148, 93, 0, 112, 147, 119, 132, 136]
[0, 112, 120, 101, 118, 0, 112, 0, 101, 115, 94, 0, 0, 0, 0, 138, 134, 101, 131, 0, 91, 111, 125, 0]
[91, 109, 0, 135, 102, 141, 90, 141, 117, 0, 0, 0, 136, 91, 0, 0, 0, 98, 137, 129, 0, 117, 0, 0]
0
[142, 139, 0, 0, 119, 119, 106, 142, 148, 0, 0, 0, 135, 121, 110, 0, 0, 108, 137, 126, 139, 146, 115, 120]
[0, 0, 0, 121, 0, 0, 0, 0, 0, 135, 149, 143, 139, 131, 0, 126, 97, 0, 93, 94, 123, 107, 0, 96]
0
[0, 112, 105, 148, 108, 125, 145, 137, 129, 97, 106, 145, 98, 128, 97, 105, 125, 136, 109, 110, 0, 103, 107, 0]
[97, 0, 0, 0, 0, 0, 107, 136, 0, 135, 120, 122, 133, 118, 90, 0, 0, 0, 142, 132, 107, 0, 0, 144]
0
0
0
0
0
0
0
0
[0, 96, 116, 101, 100, 144, 101, 140, 109, 114, 0, 147, 140, 0, 0, 0, 0, 0, 0, 0, 0, 108, 0, 107]
0
[131, 0, 118, 0, 149, 113, 126, 118, 132, 118, 124, 126, 0, 0, 0, 98, 137, 0, 123, 0, 124, 132, 128, 93]
[0, 120, 126, 149, 0, 111, 106, 116, 0, 115, 125, 134, 129, 143, 144, 121, 0, 99, 146, 0, 115, 0, 121, 106]
[118, 120, 110, 134, 129, 122, 103, 137, 104, 126, 97, 95, 0, 0, 0, 94, 133, 130, 128, 106, 117, 0, 0, 0]
[134, 0, 126, 130, 107, 127, 117, 129, 91, 0, 0, 0, 102, 92, 93, 123, 147, 120, 137, 96, 142, 0, 139, 144]
0
[120, 97, 116, 0, 0, 0, 0, 128, 145, 0, 0, 0, 107, 143, 94, 125, 141, 116, 91, 113, 118, 0, 143, 149]
[0, 0, 0, 114, 134, 146, 0, 137, 98, 0, 121, 122, 117, 104, 102, 0, 0, 0, 122, 96, 111, 0, 117, 107]
[98, 118, 0, 96, 116, 148, 0, 0, 0, 136, 137, 101, 0, 0, 0, 133, 128, 124, 119, 124, 114, 0, 143, 0]
[0, 0, 0, 98, 117, 149, 98, 0, 110, 146, 0, 115, 144, 104, 0, 142, 147, 147, 138, 109, 143, 0, 146, 127]
[124, 118, 113, 115, 127, 94, 129, 125, 115, 102, 0, 104, 0, 127, 0, 146, 114, 106, 107, 0, 142, 99, 127, 93]
[122, 126, 92, 148, 131, 145, 0, 126, 128, 105, 96, 143, 0, 0, 0, 90, 0, 105, 0, 0, 0, 139, 0, 122]
0
[116, 140, 135, 104, 90, 0, 125, 0, 140, 134, 101, 121, 0, 148, 146, 145, 119, 120, 145, 108, 0, 136, 133, 119]
[111, 0, 125, 103, 120, 135, 127, 0, 93, 113, 97, 141, 119, 93, 94, 0, 127, 0, 105, 91, 0, 110, 114, 132]
[125, 100, 120, 146, 107, 0, 0, 0, 0, 115, 146, 0, 0, 109, 0, 0, 0, 0, 121, 0, 118, 0, 130, 96]
[146, 132, 0, 146, 0, 0, 0, 128, 109, 0, 0, 0, 0, 99, 111, 121, 99, 113, 128, 113, 91, 126, 148, 91]
0
[0, 133, 112, 130, 0, 101, 116, 0, 120, 103, 0, 135, 0, 0, 130, 106, 0, 129, 0, 0, 0, 116, 140, 108]
0
[128, 0, 96, 125, 128, 97, 109, 101, 146, 112, 95, 111, 134, 90, 121, 109, 0, 142, 0, 95, 99, 147, 90, 92]
[0, 0, 0, 101, 92, 0, 128, 105, 102, 115, 134, 106, 133, 146, 0, 133, 141, 139, 0, 113, 0, 137, 106, 93]
0
0
0
0
0
0
0
0
0
[114, 127, 132, 145, 119, 96, 0, 92, 107, 0, 121, 120, 138, 136, 119, 124, 90, 140, 112, 135, 118, 100, 107, 99]
0
[0, 109, 109, 143, 145, 120, 0, 0, 0, 0, 117, 116, 100, 0, 0, 138, 0, 134, 127, 149, 0, 0, 121, 126]
[94, 95, 130, 143, 146, 0, 145, 123, 124, 99, 0, 145, 0, 0, 0, 128, 127, 0, 136, 142, 113, 101, 0, 132]
[0, 0, 0, 0, 0, 0, 92, 128, 144, 111, 142, 105, 96, 102, 119, 102, 124, 95, 104, 133, 96, 137, 105, 96]
[129, 133, 133, 129, 126, 145, 104, 149, 125, 0, 0, 0, 121, 144, 0, 0, 0, 0, 130, 135, 130, 138, 108, 0]
[99, 103, 0, 102, 0, 141, 126, 95, 96, 0, 0, 0, 95, 90, 0, 113, 115, 0, 116, 111, 109, 135, 91, 139]
[0, 0, 118, 114, 132, 0, 99, 126, 108, 0, 0, 0, 121, 113, 134, 0, 0, 129, 140, 147, 0, 97, 107, 0]
[100, 131, 131, 123, 0, 145, 103, 126, 0, 142, 92, 131, 148, 136, 137, 123, 117, 124, 94, 146, 141, 144, 104, 119]
[0, 124, 0, 119, 125, 0, 92, 147, 94, 123, 90, 95, 0, 123, 144, 0, 0, 0, 100, 147, 0, 99, 0, 101]
0
[0, 0, 0, 139, 134, 92, 98, 104, 0, 0, 0, 0, 102, 129, 94, 144, 0, 0, 0, 0, 0, 0, 109, 112]
[128, 125, 139, 124, 142, 142, 123, 141, 0, 129, 92, 132, 118, 0, 134, 103, 141, 114, 0, 0, 0, 130, 142, 112]
[0, 0, 0, 96, 125, 103, 122, 138, 0, 129, 0, 0, 147, 0, 141, 0, 140, 120, 0, 104, 120, 0, 0, 0]
[107, 0, 138, 140, 111, 0, 0, 0, 140, 0, 121, 118, 0, 0, 0, 124, 0, 104, 102, 105, 130, 136, 104, 119]
[90, 135, 114, 141, 90, 116, 137, 103, 123, 94, 0, 111, 0, 148, 126, 123, 146, 0, 119, 136, 136, 101, 144, 147]
[0, 131, 103, 130, 145, 140, 147, 131, 0, 130, 97, 147, 125, 116, 149, 0, 136, 148, 100, 90, 0, 145, 101, 0]
[0, 0, 0, 131, 104, 0, 136, 96, 103, 118, 116, 140, 91, 131, 118, 90, 0, 90, 0, 0, 0, 114, 114, 102]
0
[0, 0, 141, 139, 98, 118, 111, 145, 90, 93, 0, 132, 111, 123, 95, 116, 121, 115, 107, 105, 127, 132, 145, 145]
[106, 148, 142, 109, 105, 97, 0, 0, 133, 108, 93, 0, 99, 0, 138, 149, 146, 129, 149, 118, 97, 140, 118, 136]
[128, 0, 145, 109, 129, 0, 104, 131, 134, 0, 0, 0, 105, 106, 128, 0, 0, 139, 124, 0, 124, 149, 140, 102]
0
0
0
0
0
0
0
0
0
0
[97, 100, 96, 93, 139, 125, 98, 112, 0, 111, 100, 0, 105, 93, 149, 142, 134, 133, 135, 135, 99, 122, 135, 0]
[125, 146, 110, 106, 0, 119, 143, 95, 114, 119, 0, 0, 144, 0, 96, 0, 139, 127, 0, 0, 0, 105, 131, 102]
[103, 108, 121, 114, 111, 94, 146, 0, 134, 0, 0, 0, 131, 135, 137, 133, 95, 133, 145, 117, 112, 0, 90, 104]
[137, 0, 147, 115, 97, 105, 0, 0, 0, 0, 120, 107, 132, 92, 0, 0, 0, 0, 118, 96, 121, 0, 135, 110]
[147, 127, 0, 0, 129, 106, 118, 118, 147, 120, 117, 114, 132, 0, 91, 0, 0, 0, 124, 92, 143, 149, 0, 0]
0
[94, 115, 108, 112, 136, 124, 133, 113, 147, 138, 112, 117, 141, 142, 0, 0, 141, 0, 0, 0, 0, 0, 122, 140]
[119, 147, 90, 0, 0, 0, 106, 116, 140, 92, 137, 104, 0, 90, 0, 0, 0, 96, 128, 120, 143, 0, 101, 127]
[122, 96, 121, 112, 145, 125, 128, 131, 110, 0, 0, 0, 112, 123, 106, 137, 103, 130, 128, 115, 136, 0, 0, 0]
0
[130, 124, 102, 0, 0, 0, 0, 0, 0, 136, 0, 0, 127, 0, 91, 126, 95, 0, 91, 145, 107, 134, 133, 96]
[128, 128, 0, 108, 149, 113, 99, 129, 109, 0, 0, 146, 97, 143, 143, 91, 116, 0, 147, 0, 90, 0, 0, 0]
[0, 0, 0, 94, 104, 124, 119, 0, 135, 0, 108, 147, 94, 0, 148, 136, 109, 105, 0, 120, 98, 0, 93, 127]
[99, 124, 0, 144, 99, 130, 131, 113, 115, 107, 125, 108, 0, 143, 0, 121, 111, 95, 108, 96, 0, 131, 149, 113]
[139, 135, 109, 0, 0, 0, 0, 99, 97, 129, 148, 99, 148, 136, 132, 101, 0, 137, 95, 134, 129, 109, 144, 0]
0
0
[106, 0, 133, 120, 97, 104, 142, 99, 141, 144, 90, 124, 0, 0, 0, 149, 101, 107, 0, 0, 0, 0, 143, 115]
0
[130, 0, 113, 0, 130, 114, 124, 133, 112, 137, 93, 0, 125, 109, 93, 95, 145, 0, 133, 149, 101, 111, 141, 119]
[100, 98, 130, 103, 116, 0, 123, 0, 145, 0, 0, 0, 145, 118, 106, 0, 138, 132, 0, 0, 0, 0, 128, 134]
0
0
0
0
0
0
0
0
0
0
0
0
[142, 140, 118, 0, 135, 136, 123, 111, 144, 0, 104, 144, 0, 125, 119, 91, 108, 110, 119, 119, 92, 124, 107, 142]
[143, 0, 140, 126, 124, 98, 123, 121, 94, 119, 115, 104, 123, 122, 114, 130, 0, 90, 0, 0, 0, 0, 0, 126]
[136, 132, 0, 100, 100, 0, 0, 0, 0, 117, 0, 0, 101, 137, 100, 0, 0, 104, 0, 113, 100, 143, 108, 109]
[0, 143, 104, 0, 111, 97, 131, 105, 120, 102, 110, 93, 91, 117, 147, 119, 123, 0, 145, 122, 0, 103, 0, 0]
[0, 0, 147, 0, 0, 111, 149, 117, 93, 0, 0, 0, 136, 96, 111, 108, 117, 123, 138, 95, 114, 122, 129, 132]
[123, 122, 127, 0, 0, 0, 0, 100, 105, 134, 90, 102, 97, 121, 99, 95, 0, 0, 96, 0, 120, 128, 101, 92]
[91, 137, 148, 0, 134, 135, 0, 137, 99, 103, 137, 132, 0, 143, 130, 119, 0, 109, 94, 95, 0, 129, 0, 145]
[104, 0, 144, 138, 144, 124, 118, 0, 134, 0, 0, 122, 108, 104, 120, 134, 0, 0, 0, 0, 94, 0, 147, 141]
[0, 0, 0, 92, 144, 91, 148, 127, 90, 118, 115, 137, 122, 0, 102, 0, 107, 0, 125, 97, 0, 146, 117, 0]
[99, 0, 95, 119, 147, 115, 143, 0, 142, 148, 112, 0, 95, 108, 109, 118, 96, 101, 148, 135, 94, 148, 144, 102]
[131, 0, 0, 0, 0, 0, 0, 129, 0, 0, 126, 144, 109, 98, 142, 0, 0, 0, 145, 139, 112, 130, 0, 147]
[0, 129, 0, 0, 0, 142, 123, 0, 94, 142, 106, 109, 0, 0, 0, 133, 104, 122, 0, 0, 0, 94, 97, 138]
[0, 111, 147, 103, 93, 137, 96, 107, 123, 110, 144, 98, 0, 139, 91, 91, 124, 130, 0, 0, 0, 0, 0, 100]
[131, 141, 117, 149, 123, 0, 92, 110, 105, 117, 119, 149, 115, 0, 113, 130, 99, 91, 95, 146, 126, 0, 0, 0]
[142, 105, 114, 124, 144, 144, 104, 139, 125, 102, 137, 101, 96, 120, 113, 117, 0, 115, 109, 99, 93, 92, 0, 0]
[0, 0, 0, 124, 140, 91, 142, 147, 103, 0, 136, 114, 129, 124, 0, 0, 98, 115, 102, 0, 0, 131, 95, 143]
[148, 124, 108, 0, 0, 0, 138, 100, 121, 115, 128, 0, 125, 98, 109, 128, 106, 134, 97, 134, 149, 105, 144, 0]
0
0
0
0
0
0
0
0
0
0
0
0
0
0
[0, 135, 127, 0, 0, 0, 135, 102, 0, 90, 0, 146, 0, 130, 145, 110, 0, 0, 116, 0, 0, 148, 143, 141]
[0, 93, 131, 0, 0, 135, 113, 127, 134, 149, 99, 147, 122, 101, 108, 0, 0, 0, 135, 101, 124, 108, 147, 135]
0
0
[112, 113, 137, 144, 100, 100, 140, 111, 124, 93, 118, 122, 101, 120, 123, 0, 143, 143, 103, 133, 0, 121, 136, 128]
0
[140, 101, 90, 140, 143, 101, 91, 0, 117, 99, 96, 146, 149, 134, 129, 145, 144, 148, 91, 95, 104, 125, 103, 128]
[138, 116, 111, 0, 142, 149, 131, 110, 0, 97, 115, 0, 94, 122, 98, 102, 138, 0, 0, 0, 0, 127, 134, 101]
[0, 94, 97, 0, 0, 0, 141, 124, 119, 0, 0, 0, 0, 109, 107, 0, 107, 99, 113, 119, 145, 127, 124, 0]
[0, 0, 0, 98, 129, 136, 0, 0, 0, 103, 132, 108, 97, 0, 139, 123, 0, 110, 135, 129, 145, 131, 112, 134]
[110, 99, 0, 131, 131, 121, 0, 0, 147, 0, 129, 100, 101, 108, 133, 124, 91, 92, 149, 136, 0, 111, 138, 107]
0
0
[118, 148, 115, 96, 109, 103, 105, 96, 107, 0, 135, 0, 111, 0, 0, 124, 127, 116, 127, 142, 137, 133, 125, 125]
[0, 122, 117, 137, 95, 107, 0, 0, 0, 127, 113, 0, 116, 95, 124, 0, 0, 0, 97, 136, 0, 143, 95, 99]
[130, 145, 148, 0, 109, 0, 125, 0, 125, 133, 110, 136, 0, 128, 146, 105, 104, 97, 137, 142, 117, 95, 91, 134]
[97, 130, 102, 0, 129, 118, 0, 0, 0, 124, 114, 113, 97, 124, 0, 131, 109, 0, 123, 0, 0, 0, 0, 0]
0
0
