0
[0, 117, 140, 99, 0, 94, 0, 0, 0, 149, 111, 143, 121, 0, 120, 0, 0, 116, 142, 116, 0, 0, 0, 0]
[141, 113, 0, 91, 0, 98, 117, 134, 99, 91, 0, 0, 137, 95, 132, 144, 0, 0, 0, 94, 0, 0, 131, 118]
0
[145, 0, 141, 104, 137, 114, 107, 0, 93, 114, 132, 120, 102, 138, 120, 103, 123, 148, 0, 0, 0, 135, 133, 108]
[0, 97, 139, 101, 107, 0, 140, 138, 130, 107, 122, 143, 100, 149, 107, 0, 138, 106, 0, 92, 0, 137, 0, 109]
0
[0, 132, 0, 130, 93, 119, 122, 98, 91, 130, 92, 136, 90, 0, 124, 0, 0, 98, 102, 146, 122, 0, 97, 102]
0
[99, 91, 127, 147, 134, 132, 98, 112, 118, 101, 113, 0, 106, 139, 107, 134, 90, 103, 136, 117, 135, 120, 143, 101]
[99, 102, 135, 0, 119, 138, 103, 0, 133, 0, 0, 0, 134, 134, 142, 108, 105, 0, 112, 108, 135, 118, 0, 114]
0
[114, 96, 109, 0, 134, 148, 0, 0, 0, 0, 0, 0, 0, 0, 91, 0, 144, 103, 132, 141, 0, 0, 111, 122]
[125, 140, 147, 148, 146, 142, 143, 134, 99, 129, 106, 147, 110, 131, 0, 148, 111, 96, 0, 0, 0, 133, 92, 120]
0
0
[0, 124, 124, 142, 0, 91, 0, 0, 0, 101, 0, 0, 104, 127, 120, 0, 122, 140, 109, 0, 136, 0, 0, 0]
[0, 0, 0, 122, 124, 146, 107, 113, 0, 104, 122, 126, 0, 117, 0, 0, 0, 107, 0, 0, 0, 146, 97, 107]
[91, 93, 105, 112, 0, 139, 133, 98, 0, 0, 0, 147, 97, 99, 134, 0, 0, 0, 97, 104, 135, 144, 109, 99]
0
0
0
0
0
0
0
0
0
0
0
0
0
[131, 0, 121, 96, 142, 125, 111, 119, 109, 0, 105, 116, 0, 105, 134, 103, 131, 112, 0, 135, 93, 118, 124, 113]
0
[103, 0, 126, 140, 93, 128, 133, 106, 107, 0, 122, 124, 139, 115, 0, 93, 0, 99, 105, 0, 126, 0, 140, 137]
0
[144, 0, 107, 0, 0, 0, 122, 118, 0, 0, 95, 0, 115, 105, 0, 107, 137, 102, 148, 132, 92, 0, 0, 0]
[0, 136, 0, 0, 140, 102, 133, 90, 147, 111, 132, 106, 0, 0, 0, 132, 0, 0, 125, 121, 123, 149, 135, 108]
0
[0, 0, 101, 0, 0, 0, 108, 96, 117, 145, 94, 114, 110, 0, 0, 135, 140, 0, 136, 119, 98, 100, 106, 0]
0
0
[141, 0, 96, 147, 0, 106, 0, 118, 0, 137, 102, 115, 94, 125, 131, 111, 133, 96, 0, 0, 0, 0, 103, 0]
[110, 112, 96, 0, 99, 0, 132, 99, 121, 94, 136, 99, 0, 0, 0, 130, 116, 0, 0, 99, 147, 118, 129, 148]
[136, 125, 103, 110, 149, 127, 136, 128, 120, 99, 95, 0, 90, 110, 0, 0, 104, 116, 93, 0, 101, 145, 0, 93]
0
[101, 0, 142, 148, 94, 111, 104, 116, 122, 93, 133, 118, 105, 104, 135, 131, 0, 113, 93, 124, 107, 121, 108, 139]
[110, 130, 133, 132, 99, 141, 98, 0, 139, 139, 117, 118, 129, 121, 142, 138, 112, 0, 121, 91, 0, 134, 115, 95]
0
[0, 0, 0, 0, 109, 144, 117, 131, 99, 91, 143, 148, 97, 113, 0, 0, 135, 106, 126, 125, 0, 0, 132, 94]
[116, 137, 122, 97, 112, 96, 0, 123, 92, 128, 104, 0, 0, 136, 0, 0, 105, 0, 123, 93, 95, 112, 135, 121]
[97, 140, 0, 114, 97, 149, 110, 136, 136, 0, 138, 124, 0, 111, 144, 128, 141, 116, 111, 130, 95, 136, 0, 96]
[108, 98, 0, 107, 118, 0, 98, 0, 148, 138, 143, 108, 95, 104, 114, 94, 147, 131, 0, 104, 102, 0, 0, 0]
0
0
0
0
0
0
0
0
0
0
0
[140, 119, 119, 0, 0, 0, 136, 0, 0, 0, 0, 0, 93, 94, 135, 0, 130, 95, 133, 130, 147, 128, 136, 122]
[0, 0, 0, 136, 122, 96, 114, 131, 116, 116, 134, 111, 139, 129, 0, 141, 135, 116, 100, 95, 0, 0, 108, 106]
0
[0, 0, 103, 100, 132, 91, 0, 123, 136, 110, 134, 0, 0, 104, 0, 0, 0, 0, 97, 131, 0, 134, 0, 0]
[0, 0, 0, 96, 134, 0, 102, 139, 90, 141, 144, 113, 96, 123, 140, 96, 90, 0, 137, 0, 117, 0, 129, 114]
[0, 0, 0, 0, 128, 115, 143, 125, 126, 104, 129, 111, 106, 0, 109, 93, 125, 0, 111, 145, 103, 95, 128, 128]
[98, 141, 113, 128, 100, 90, 111, 146, 125, 144, 142, 139, 0, 149, 121, 106, 133, 145, 95, 133, 120, 0, 0, 140]
[130, 146, 127, 132, 130, 149, 139, 118, 121, 93, 135, 103, 0, 0, 0, 0, 0, 0, 115, 117, 126, 144, 96, 106]
[137, 141, 126, 116, 138, 0, 0, 0, 0, 118, 114, 103, 108, 145, 137, 0, 0, 0, 128, 95, 0, 144, 108, 104]
[120, 0, 134, 0, 121, 0, 124, 109, 116, 0, 0, 125, 132, 125, 0, 0, 0, 0, 135, 0, 125, 124, 148, 114]
0
[136, 92, 123, 111, 147, 115, 92, 103, 0, 0, 0, 0, 0, 0, 0, 0, 140, 107, 122, 138, 113, 0, 132, 106]
0
[123, 111, 128, 0, 0, 0, 108, 0, 100, 99, 106, 134, 144, 123, 114, 0, 0, 0, 0, 139, 0, 107, 117, 100]
[120, 91, 0, 104, 117, 96, 136, 140, 118, 148, 102, 0, 129, 132, 0, 106, 0, 113, 123, 147, 136, 0, 0, 0]
[137, 100, 98, 0, 0, 0, 96, 114, 0, 141, 123, 138, 117, 106, 132, 0, 130, 0, 128, 120, 0, 105, 134, 141]
0
[0, 100, 128, 93, 119, 90, 0, 0, 0, 108, 115, 109, 116, 143, 127, 0, 131, 139, 92, 134, 110, 0, 0, 0]
[147, 123, 0, 0, 0, 0, 0, 0, 92, 137, 123, 133, 102, 112, 117, 0, 0, 0, 115, 128, 0, 0, 92, 133]
[142, 137, 136, 138, 141, 117, 104, 100, 0, 0, 0, 0, 125, 0, 146, 0, 131, 0, 0, 0, 0, 128, 100, 0]
0
[121, 114, 115, 0, 0, 108, 107, 146, 133, 0, 143, 149, 145, 93, 0, 105, 146, 0, 128, 132, 96, 111, 137, 143]
0
0
0
0
0
0
0
0
0
0
0
0
[118, 122, 139, 0, 105, 112, 102, 116, 117, 103, 0, 116, 142, 98, 121, 121, 0, 105, 94, 143, 102, 0, 0, 0]
0
[137, 0, 0, 144, 0, 0, 138, 110, 100, 105, 0, 96, 0, 102, 139, 145, 0, 149, 97, 0, 116, 121, 133, 0]
[104, 99, 103, 119, 118, 115, 105, 147, 109, 104, 0, 146, 104, 0, 128, 148, 127, 143, 0, 103, 93, 126, 120, 128]
[0, 146, 118, 95, 124, 147, 98, 130, 148, 116, 93, 132, 124, 0, 115, 0, 0, 0, 95, 96, 100, 0, 0, 0]
[111, 138, 93, 0, 0, 0, 107, 136, 0, 0, 123, 112, 147, 0, 104, 0, 0, 0, 147, 0, 131, 119, 121, 90]
[0, 0, 0, 99, 99, 133, 91, 97, 129, 128, 134, 100, 0, 109, 126, 133, 0, 144, 144, 142, 0, 144, 133, 128]
[123, 140, 118, 0, 0, 0, 137, 91, 106, 0, 0, 0, 0, 0, 118, 134, 90, 126, 0, 105, 111, 105, 122, 140]
[0, 0, 0, 96, 94, 110, 0, 143, 106, 94, 128, 119, 130, 141, 0, 0, 0, 127, 145, 149, 125, 90, 147, 0]
[146, 104, 122, 137, 127, 99, 106, 128, 94, 0, 0, 100, 0, 0, 0, 130, 139, 0, 137, 105, 96, 0, 0, 0]
0
[137, 105, 0, 0, 110, 120, 0, 0, 0, 0, 113, 0, 121, 0, 110, 0, 125, 138, 91, 122, 103, 117, 118, 148]
[143, 126, 106, 149, 133, 144, 116, 0, 114, 133, 148, 0, 114, 106, 0, 113, 126, 135, 91, 122, 133, 0, 0, 0]
[0, 0, 0, 0, 143, 110, 142, 96, 108, 143, 123, 131, 0, 91, 142, 0, 94, 105, 96, 0, 110, 0, 136, 98]
0
[101, 0, 128, 0, 118, 99, 0, 0, 0, 94, 146, 129, 98, 111, 0, 114, 0, 0, 145, 0, 120, 97, 139, 94]
[0, 0, 0, 0, 100, 0, 101, 107, 136, 0, 0, 0, 97, 0, 98, 0, 113, 0, 120, 122, 139, 129, 127, 123]
[0, 140, 90, 96, 103, 0, 115, 103, 117, 138, 90, 116, 0, 0, 0, 108, 0, 0, 0, 0, 0, 95, 133, 94]
0
[117, 118, 112, 0, 0, 0, 103, 148, 120, 0, 0, 0, 0, 91, 104, 129, 110, 131, 0, 92, 135, 95, 135, 133]
[113, 136, 122, 0, 0, 0, 140, 0, 0, 0, 137, 97, 122, 99, 93, 97, 128, 109, 124, 143, 99, 148, 128, 128]
0
0
0
0
0
0
0
0
0
[127, 108, 97, 149, 127, 149, 129, 0, 101, 0, 119, 145, 125, 124, 136, 0, 0, 0, 0, 0, 0, 90, 0, 126]
[133, 110, 0, 0, 121, 94, 128, 90, 107, 121, 0, 127, 0, 92, 126, 125, 0, 91, 99, 128, 112, 90, 107, 130]
[142, 97, 94, 124, 0, 121, 93, 116, 142, 90, 127, 117, 115, 115, 107, 139, 0, 123, 139, 140, 134, 115, 113, 0]
[133, 137, 115, 133, 102, 102, 0, 110, 95, 105, 145, 134, 0, 135, 119, 140, 109, 116, 0, 0, 121, 0, 115, 141]
0
[114, 112, 113, 0, 0, 0, 100, 0, 130, 115, 135, 118, 94, 0, 124, 92, 135, 96, 143, 112, 0, 0, 0, 0]
[0, 103, 120, 0, 0, 0, 125, 0, 101, 144, 132, 101, 136, 97, 149, 137, 0, 117, 0, 0, 102, 0, 148, 109]
[147, 126, 148, 137, 133, 125, 129, 121, 0, 133, 113, 111, 140, 131, 0, 146, 128, 106, 100, 131, 137, 102, 135, 105]
[101, 102, 97, 130, 0, 98, 133, 103, 0, 92, 119, 109, 147, 110, 120, 110, 0, 117, 130, 120, 135, 0, 116, 113]
0
0
[148, 0, 0, 93, 134, 119, 0, 0, 0, 140, 91, 142, 0, 0, 0, 0, 140, 146, 140, 136, 106, 118, 111, 131]
[149, 135, 112, 112, 117, 127, 0, 100, 96, 119, 113, 0, 95, 0, 148, 109, 0, 149, 0, 123, 0, 134, 135, 141]
0
[111, 121, 146, 0, 0, 0, 130, 117, 149, 145, 0, 97, 94, 136, 102, 0, 148, 101, 119, 105, 145, 94, 131, 138]
[95, 0, 0, 0, 134, 104, 149, 134, 119, 0, 98, 102, 0, 94, 101, 131, 142, 135, 135, 140, 111, 0, 101, 106]
[145, 0, 108, 119, 147, 137, 0, 0, 0, 103, 109, 133, 109, 0, 134, 0, 0, 0, 138, 143, 117, 142, 107, 115]
[126, 127, 131, 104, 142, 111, 90, 120, 106, 0, 0, 0, 118, 147, 147, 148, 0, 99, 0, 0, 94, 0, 0, 0]
0
[130, 113, 93, 113, 0, 147, 97, 0, 143, 121, 127, 0, 133, 98, 111, 90, 118, 107, 0, 149, 125, 0, 122, 98]
[123, 91, 139, 91, 112, 0, 148, 117, 148, 0, 138, 147, 136, 0, 0, 0, 0, 0, 102, 97, 126, 118, 0, 90]
0
[113, 135, 135, 107, 128, 0, 124, 0, 140, 0, 0, 123, 0, 137, 139, 96, 141, 0, 0, 0, 0, 130, 0, 0]
0
0
0
0
0
0
0
0
0
[115, 94, 140, 106, 0, 119, 105, 147, 140, 0, 136, 134, 93, 131, 111, 128, 0, 99, 124, 145, 142, 106, 0, 137]
[126, 139, 147, 93, 99, 110, 142, 107, 128, 94, 147, 115, 0, 133, 136, 119, 114, 133, 0, 132, 0, 138, 113, 117]
[133, 148, 137, 0, 0, 0, 0, 109, 99, 136, 141, 130, 126, 104, 113, 144, 0, 142, 134, 0, 105, 109, 128, 147]
[119, 103, 96, 0, 111, 112, 126, 109, 0, 0, 0, 129, 95, 105, 0, 124, 92, 113, 0, 0, 0, 131, 107, 95]
[140, 96, 0, 111, 136, 92, 141, 107, 148, 0, 91, 141, 0, 104, 102, 0, 106, 144, 134, 118, 0, 93, 107, 143]
0
[140, 115, 131, 132, 121, 95, 97, 130, 132, 101, 103, 138, 0, 123, 104, 0, 0, 95, 0, 137, 141, 149, 0, 112]
0
0
[132, 0, 0, 139, 126, 101, 134, 128, 93, 118, 116, 142, 106, 138, 98, 142, 119, 123, 0, 0, 0, 118, 125, 115]
0
[0, 0, 0, 147, 135, 110, 97, 105, 118, 120, 128, 138, 129, 125, 125, 147, 125, 129, 0, 107, 134, 106, 126, 108]
[0, 0, 0, 107, 133, 105, 0, 0, 144, 139, 0, 0, 128, 93, 108, 0, 121, 136, 124, 104, 149, 90, 0, 116]
[0, 0, 0, 0, 0, 0, 0, 91, 131, 109, 134, 99, 119, 99, 106, 95, 0, 105, 101, 130, 121, 148, 105, 104]
[122, 139, 118, 131, 99, 119, 108, 143, 120, 90, 123, 102, 0, 0, 0, 91, 104, 116, 94, 124, 104, 101, 0, 125]
[115, 0, 0, 104, 142, 0, 137, 121, 98, 133, 127, 120, 112, 91, 128, 112, 149, 116, 114, 118, 0, 147, 99, 97]
[101, 0, 113, 116, 116, 0, 132, 125, 0, 114, 123, 145, 117, 127, 0, 133, 126, 96, 137, 97, 129, 99, 96, 97]
0
[106, 0, 0, 98, 105, 102, 146, 0, 116, 103, 115, 119, 143, 141, 140, 124, 146, 114, 133, 146, 120, 95, 90, 0]
0
0
[121, 0, 0, 144, 0, 112, 106, 105, 0, 110, 116, 139, 138, 149, 0, 108, 97, 0, 148, 110, 118, 146, 111, 145]
0
0
0
0
0
0
0
0
0
0
0
0
[0, 0, 0, 129, 145, 109, 110, 0, 95, 135, 134, 101, 119, 105, 0, 0, 143, 0, 0, 135, 96, 0, 0, 102]
[0, 123, 91, 122, 144, 130, 90, 130, 119, 0, 0, 0, 133, 124, 114, 98, 0, 117, 97, 0, 95, 118, 127, 129]
[0, 146, 117, 111, 148, 133, 147, 94, 0, 99, 111, 114, 140, 117, 111, 111, 0, 0, 120, 116, 136, 133, 139, 104]
[129, 144, 141, 142, 122, 128, 95, 108, 147, 0, 136, 0, 112, 100, 106, 95, 145, 136, 104, 134, 95, 100, 99, 102]
0
[97, 0, 98, 94, 117, 112, 0, 0, 108, 141, 97, 0, 112, 94, 133, 112, 112, 106, 111, 111, 116, 118, 97, 146]
[0, 0, 0, 124, 116, 93, 0, 103, 131, 0, 0, 0, 145, 133, 109, 111, 112, 137, 103, 143, 0, 93, 113, 0]
[142, 127, 142, 114, 109, 0, 0, 128, 116, 118, 106, 132, 108, 142, 145, 96, 95, 149, 0, 0, 0, 124, 147, 148]
[91, 0, 124, 92, 139, 127, 108, 146, 0, 148, 0, 0, 0, 0, 0, 108, 104, 135, 0, 0, 0, 121, 0, 0]
0
[127, 138, 146, 0, 0, 0, 94, 117, 100, 111, 122, 109, 111, 115, 0, 113, 123, 113, 0, 0, 0, 102, 99, 130]
[149, 96, 116, 99, 0, 96, 0, 140, 144, 0, 146, 115, 123, 107, 114, 144, 112, 119, 113, 0, 96, 101, 97, 118]
[103, 98, 146, 137, 95, 0, 140, 0, 105, 93, 147, 90, 0, 0, 0, 93, 116, 90, 120, 134, 121, 107, 102, 109]
[117, 110, 0, 125, 142, 140, 139, 139, 117, 0, 0, 0, 100, 128, 112, 139, 122, 140, 0, 0, 0, 118, 132, 97]
0
[138, 139, 127, 95, 141, 128, 127, 102, 141, 99, 119, 127, 0, 111, 136, 0, 144, 131, 140, 0, 0, 90, 112, 110]
[0, 137, 147, 129, 91, 0, 0, 98, 0, 125, 142, 100, 137, 0, 0, 122, 0, 111, 0, 132, 111, 0, 0, 0]
[147, 112, 126, 108, 109, 93, 118, 96, 100, 101, 135, 107, 135, 90, 128, 147, 130, 125, 103, 91, 102, 112, 0, 0]
0
[109, 0, 0, 120, 0, 92, 0, 132, 109, 149, 149, 132, 137, 104, 0, 0, 0, 0, 132, 115, 148, 103, 93, 118]
0
[0, 0, 0, 131, 139, 149, 0, 141, 94, 0, 102, 0, 0, 0, 0, 144, 146, 99, 122, 101, 0, 112, 124, 103]
0
[90, 121, 95, 0, 0, 0, 0, 116, 142, 100, 116, 116, 0, 140, 98, 105, 97, 124, 107, 127, 110, 128, 131, 136]
0
0
0
0
0
0
[0, 145, 93, 0, 131, 0, 136, 131, 0, 139, 128, 0, 0, 0, 0, 109, 139, 0, 135, 135, 136, 130, 135, 134]
[133, 109, 0, 94, 0, 131, 0, 0, 0, 148, 97, 95, 122, 114, 129, 100, 0, 103, 106, 0, 148, 0, 0, 0]
[100, 138, 141, 102, 148, 97, 138, 144, 136, 117, 104, 96, 0, 0, 0, 102, 0, 0, 125, 105, 95, 94, 132, 97]
[124, 0, 109, 120, 145, 0, 0, 0, 0, 0, 104, 99, 144, 133, 146, 0, 114, 142, 132, 127, 93, 123, 119, 122]
[0, 126, 140, 145, 0, 0, 0, 0, 0, 125, 110, 113, 149, 106, 142, 132, 132, 117, 136, 0, 149, 141, 0, 0]
0
[0, 92, 108, 139, 113, 146, 118, 100, 95, 140, 121, 147, 116, 99, 0, 134, 116, 146, 0, 91, 0, 116, 115, 0]
0
[117, 103, 96, 0, 0, 0, 147, 95, 134, 124, 95, 0, 0, 0, 0, 139, 104, 146, 142, 114, 102, 126, 0, 0]
[99, 0, 148, 107, 101, 123, 147, 126, 99, 0, 0, 0, 0, 112, 0, 109, 136, 98, 0, 118, 124, 130, 101, 116]
0
[0, 0, 103, 135, 117, 0, 112, 114, 141, 93, 104, 113, 119, 143, 0, 0, 0, 0, 141, 0, 133, 0, 0, 0]
[112, 105, 126, 127, 119, 0, 147, 98, 140, 123, 137, 123, 94, 136, 92, 0, 0, 0, 91, 135, 119, 99, 0, 135]
[0, 147, 128, 91, 119, 102, 131, 135, 134, 0, 0, 140, 120, 0, 115, 0, 0, 0, 100, 110, 126, 145, 104, 0]
[0, 148, 0, 112, 131, 0, 117, 147, 0, 139, 123, 108, 144, 145, 0, 0, 0, 0, 132, 96, 90, 127, 116, 0]
[0, 0, 147, 0, 129, 0, 142, 114, 0, 97, 148, 129, 116, 98, 131, 0, 118, 0, 107, 98, 114, 0, 148, 0]
0
[0, 0, 130, 0, 104, 105, 131, 149, 97, 0, 126, 0, 111, 102, 131, 130, 112, 138, 0, 0, 132, 95, 135, 0]
[0, 0, 0, 114, 147, 0, 140, 138, 0, 0, 0, 123, 139, 143, 0, 94, 141, 0, 94, 104, 0, 106, 91, 108]
[121, 109, 135, 0, 0, 0, 0, 0, 0, 98, 137, 148, 122, 141, 99, 104, 146, 142, 0, 109, 91, 135, 105, 133]
[123, 99, 119, 123, 147, 0, 142, 121, 122, 123, 148, 127, 116, 93, 100, 130, 116, 119, 109, 101, 90, 124, 132, 0]
[100, 0, 126, 126, 113, 105, 97, 0, 98, 139, 147, 110, 0, 0, 0, 0, 143, 0, 99, 103, 135, 0, 129, 0]
0
0
[141, 122, 0, 96, 118, 149, 121, 0, 136, 139, 143, 100, 135, 0, 0, 0, 0, 0, 125, 94, 108, 0, 0, 0]
[92, 0, 0, 102, 111, 120, 144, 114, 91, 148, 124, 0, 99, 130, 143, 0, 115, 119, 90, 0, 148, 0, 137, 124]
0
0
0
0
0
0
0
0
[93, 134, 106, 140, 118, 139, 109, 126, 144, 0, 0, 0, 137, 0, 124, 122, 113, 100, 143, 93, 0, 133, 114, 141]
[120, 0, 0, 94, 139, 129, 0, 114, 102, 125, 131, 96, 0, 133, 144, 122, 0, 103, 95, 113, 101, 0, 0, 131]
[141, 102, 94, 118, 102, 126, 0, 133, 0, 0, 0, 118, 149, 111, 0, 0, 0, 118, 141, 0, 135, 135, 135, 115]
0
[0, 0, 0, 144, 136, 0, 0, 140, 0, 97, 122, 0, 128, 106, 149, 0, 0, 103, 144, 125, 114, 132, 93, 110]
[105, 99, 106, 0, 97, 149, 113, 102, 0, 141, 90, 108, 124, 0, 139, 0, 139, 0, 125, 126, 135, 103, 0, 117]
0
[119, 125, 116, 105, 0, 123, 127, 108, 137, 0, 102, 139, 0, 0, 0, 107, 127, 111, 0, 141, 138, 141, 119, 106]
0
0
[105, 101, 136, 117, 116, 113, 128, 139, 134, 104, 0, 117, 113, 0, 92, 123, 0, 116, 107, 118, 129, 127, 90, 96]
0
[97, 102, 100, 129, 111, 129, 112, 142, 126, 120, 109, 130, 0, 121, 103, 144, 127, 127, 90, 0, 123, 122, 124, 124]
[118, 119, 143, 0, 135, 0, 146, 93, 0, 0, 0, 0, 0, 0, 101, 115, 139, 93, 0, 0, 0, 127, 139, 120]
[130, 0, 141, 115, 108, 114, 122, 92, 0, 134, 118, 141, 0, 0, 0, 0, 0, 0, 143, 91, 146, 98, 106, 0]
0
0
[134, 142, 0, 124, 0, 112, 125, 91, 143, 0, 93, 113, 0, 132, 0, 140, 132, 118, 98, 0, 148, 0, 116, 101]
[101, 91, 131, 127, 134, 0, 0, 0, 0, 113, 127, 104, 138, 125, 117, 137, 94, 0, 0, 100, 0, 104, 127, 124]
[111, 132, 0, 93, 0, 90, 105, 0, 97, 90, 110, 106, 118, 101, 111, 0, 149, 0, 121, 138, 0, 148, 111, 115]
[0, 0, 0, 0, 148, 120, 119, 128, 100, 141, 106, 0, 121, 115, 124, 121, 112, 125, 116, 144, 137, 93, 133, 148]
[136, 143, 91, 142, 102, 112, 0, 119, 126, 99, 0, 126, 99, 130, 95, 148, 141, 0, 0, 138, 105, 139, 0, 0]
[0, 0, 0, 115, 146, 90, 0, 122, 148, 139, 103, 139, 96, 109, 106, 0, 146, 140, 101, 99, 99, 0, 125, 147]
[114, 121, 140, 0, 0, 0, 133, 130, 146, 145, 126, 125, 134, 97, 0, 0, 0, 114, 0, 0, 0, 105, 128, 104]
[122, 0, 145, 134, 105, 123, 0, 0, 0, 105, 0, 94, 117, 96, 130, 0, 126, 126, 94, 107, 0, 147, 0, 100]
[136, 109, 119, 149, 0, 145, 138, 123, 143, 97, 0, 142, 135, 117, 0, 101, 104, 134, 142, 118, 106, 0, 134, 0]
0
0
0
0
[0, 0, 0, 99, 100, 105, 127, 101, 102, 96, 116, 91, 137, 138, 0, 0, 0, 121, 126, 0, 97, 130, 137, 100]
0
[0, 145, 111, 142, 96, 0, 136, 0, 146, 0, 101, 103, 0, 97, 115, 125, 0, 114, 121, 127, 123, 0, 114, 129]
[115, 121, 127, 135, 103, 0, 95, 98, 116, 102, 107, 97, 0, 0, 0, 102, 132, 134, 119, 119, 142, 127, 108, 0]
0
[141, 94, 0, 99, 139, 0, 133, 139, 110, 106, 135, 130, 102, 105, 91, 129, 0, 96, 0, 132, 126, 147, 99, 111]
[129, 0, 0, 0, 142, 0, 103, 0, 125, 0, 135, 131, 102, 0, 120, 146, 140, 129, 92, 95, 0, 0, 0, 0]
[135, 148, 131, 120, 124, 134, 0, 0, 0, 0, 0, 94, 116, 120, 130, 95, 90, 113, 124, 128, 127, 90, 92, 91]
[122, 121, 112, 0, 0, 0, 0, 146, 126, 0, 92, 95, 0, 0, 0, 0, 123, 148, 135, 97, 136, 148, 131, 103]
0
[0, 113, 135, 142, 138, 108, 0, 122, 138, 105, 121, 97, 0, 0, 101, 103, 0, 0, 141, 0, 0, 119, 126, 0]
[0, 119, 111, 0, 100, 130, 149, 99, 0, 119, 111, 137, 103, 148, 118, 0, 0, 0, 149, 95, 0, 95, 98, 132]
0
[122, 137, 111, 95, 143, 0, 98, 0, 92, 124, 0, 0, 0, 0, 0, 142, 124, 100, 141, 129, 0, 98, 0, 135]
[0, 120, 144, 0, 136, 0, 112, 111, 126, 105, 143, 145, 92, 137, 116, 0, 90, 0, 0, 92, 0, 99, 144, 139]
[106, 101, 111, 0, 0, 0, 0, 116, 146, 0, 0, 0, 147, 97, 91, 99, 136, 121, 143, 94, 0, 0, 0, 0]
[141, 136, 0, 0, 97, 144, 122, 143, 98, 111, 136, 109, 0, 0, 0, 134, 97, 98, 124, 115, 140, 146, 125, 148]
0
[123, 139, 146, 127, 100, 137, 129, 124, 113, 135, 122, 99, 115, 0, 144, 148, 0, 111, 126, 0, 123, 125, 0, 0]
[0, 0, 0, 0, 0, 0, 95, 103, 143, 149, 97, 96, 108, 139, 112, 141, 101, 114, 0, 132, 139, 113, 93, 124]
[102, 123, 103, 120, 107, 124, 0, 0, 130, 146, 124, 145, 0, 0, 0, 99, 149, 145, 0, 0, 0, 96, 110, 116]
[106, 134, 149, 136, 118, 147, 0, 108, 94, 142, 145, 0, 113, 133, 0, 0, 0, 0, 120, 0, 128, 90, 97, 101]
[108, 90, 136, 97, 109, 131, 0, 0, 148, 0, 0, 0, 138, 117, 109, 0, 132, 100, 112, 110, 100, 0, 0, 0]
0
[105, 145, 0, 111, 128, 130, 0, 0, 0, 113, 92, 0, 131, 145, 112, 103, 0, 105, 0, 103, 0, 0, 135, 110]
[147, 0, 98, 114, 103, 0, 97, 138, 0, 0, 0, 0, 112, 0, 108, 117, 0, 146, 121, 0, 145, 145, 136, 114]
[112, 137, 107, 107, 0, 108, 117, 0, 0, 92, 124, 145, 136, 117, 0, 123, 127, 0, 135, 0, 133, 0, 0, 0]
[144, 0, 100, 116, 101, 143, 117, 94, 128, 117, 134, 110, 102, 0, 120, 124, 116, 0, 120, 99, 137, 0, 0, 0]
[105, 112, 145, 118, 145, 0, 146, 0, 137, 0, 147, 116, 0, 136, 101, 0, 0, 0, 127, 0, 145, 102, 146, 123]
0
0
0
[141, 118, 128, 0, 144, 91, 0, 0, 0, 0, 94, 146, 141, 90, 137, 135, 146, 109, 0, 0, 0, 0, 138, 149]
[118, 143, 94, 139, 141, 0, 0, 0, 0, 140, 129, 92, 0, 136, 94, 147, 0, 103, 90, 0, 108, 0, 0, 0]
0
[138, 0, 119, 115, 109, 0, 131, 90, 114, 100, 0, 146, 137, 113, 91, 108, 117, 139, 115, 0, 0, 0, 141, 148]
0
0
[101, 90, 104, 100, 142, 134, 149, 94, 138, 0, 0, 0, 94, 111, 0, 101, 92, 131, 96, 0, 146, 0, 0, 0]
0
0
[97, 0, 118, 126, 0, 138, 124, 128, 0, 119, 116, 95, 141, 0, 108, 118, 115, 119, 143, 91, 116, 134, 120, 97]
0
0
[127, 129, 133, 94, 92, 0, 115, 113, 117, 0, 0, 0, 144, 93, 0, 138, 120, 137, 0, 91, 120, 132, 112, 91]
[128, 106, 118, 0, 125, 112, 128, 0, 130, 143, 123, 107, 0, 0, 0, 0, 0, 0, 137, 0, 147, 148, 96, 135]
[149, 0, 0, 126, 129, 0, 129, 97, 122, 104, 115, 105, 90, 0, 100, 138, 91, 115, 126, 132, 0, 0, 0, 0]
[0, 0, 0, 95, 132, 0, 110, 147, 133, 104, 106, 100, 131, 143, 113, 0, 0, 0, 137, 120, 121, 143, 135, 144]
[0, 0, 0, 130, 113, 0, 113, 111, 142, 97, 140, 131, 0, 0, 0, 106, 113, 99, 145, 140, 126, 120, 134, 119]
[140, 133, 90, 0, 138, 114, 122, 111, 140, 123, 90, 116, 145, 131, 146, 124, 120, 141, 145, 132, 110, 98, 92, 102]
[116, 102, 133, 0, 0, 0, 109, 132, 0, 123, 139, 0, 0, 127, 95, 140, 143, 115, 0, 0, 0, 124, 135, 109]
[94, 135, 103, 130, 123, 100, 109, 100, 125, 0, 0, 0, 93, 122, 115, 105, 127, 94, 0, 121, 0, 0, 137, 0]
[0, 95, 136, 0, 0, 0, 0, 146, 131, 104, 132, 124, 103, 95, 0, 131, 0, 107, 105, 98, 90, 136, 136, 123]
[103, 129, 92, 148, 127, 110, 113, 90, 132, 142, 99, 92, 124, 115, 0, 113, 131, 126, 92, 149, 100, 145, 124, 0]
[0, 115, 0, 145, 0, 137, 120, 112, 108, 134, 121, 113, 142, 109, 139, 126, 0, 96, 0, 0, 128, 90, 131, 111]
[148, 0, 114, 0, 0, 0, 144, 0, 121, 116, 0, 0, 94, 145, 92, 0, 142, 109, 0, 92, 95, 0, 122, 146]
[123, 133, 113, 122, 141, 145, 0, 0, 0, 95, 137, 92, 116, 110, 138, 0, 0, 0, 111, 134, 137, 138, 0, 130]
0
[139, 140, 149, 0, 100, 96, 144, 132, 104, 137, 0, 101, 95, 0, 0, 0, 0, 0, 0, 135, 94, 0, 0, 0]
[0, 133, 0, 94, 143, 120, 94, 138, 100, 113, 107, 0, 0, 0, 0, 132, 118, 0, 0, 0, 0, 142, 129, 137]
[101, 0, 92, 118, 127, 143, 123, 97, 132, 113, 0, 131, 120, 0, 149, 0, 0, 0, 0, 0, 110, 148, 0, 129]
[107, 112, 110, 106, 92, 94, 0, 0, 0, 108, 92, 111, 109, 130, 98, 124, 0, 109, 118, 110, 0, 0, 0, 0]
0
0
0
[0, 0, 117, 0, 146, 133, 137, 0, 0, 0, 142, 113, 138, 0, 108, 94, 144, 96, 109, 120, 114, 133, 143, 93]
[103, 0, 96, 109, 0, 137, 91, 101, 143, 0, 0, 0, 120, 92, 109, 109, 92, 146, 126, 128, 136, 0, 134, 98]
[132, 102, 134, 0, 0, 0, 121, 90, 91, 113, 113, 111, 136, 149, 134, 106, 123, 140, 118, 119, 117, 118, 0, 131]
[127, 133, 143, 126, 148, 121, 141, 92, 101, 135, 0, 113, 149, 94, 104, 135, 148, 93, 0, 0, 0, 111, 115, 124]
[133, 0, 0, 0, 0, 0, 109, 114, 136, 139, 0, 114, 0, 136, 124, 0, 0, 0, 0, 115, 0, 105, 146, 110]
0
[0, 0, 0, 121, 144, 132, 120, 124, 123, 0, 100, 134, 128, 143, 135, 147, 100, 129, 0, 146, 0, 121, 146, 91]
0
[110, 138, 137, 0, 0, 0, 0, 148, 113, 117, 0, 0, 135, 140, 142, 0, 0, 0, 123, 124, 138, 143, 126, 93]
0
0
0
[134, 131, 0, 122, 142, 147, 137, 116, 92, 119, 128, 90, 100, 139, 145, 139, 115, 0, 90, 132, 123, 0, 142, 101]
[0, 0, 0, 0, 142, 149, 108, 0, 128, 106, 128, 118, 110, 131, 104, 131, 115, 0, 0, 0, 0, 118, 118, 120]
0
[0, 0, 0, 112, 123, 97, 98, 99, 126, 109, 99, 148, 149, 106, 113, 0, 0, 0, 98, 123, 94, 117, 0, 0]
[90, 142, 126, 117, 0, 122, 0, 117, 99, 0, 0, 0, 0, 0, 0, 0, 0, 0, 106, 107, 135, 95, 143, 134]
[112, 134, 137, 112, 134, 90, 116, 124, 142, 0, 96, 146, 0, 105, 105, 0, 0, 121, 0, 0, 0, 124, 129, 148]
[109, 99, 121, 115, 97, 0, 0, 0, 0, 104, 105, 104, 118, 133, 93, 104, 0, 106, 0, 0, 124, 100, 125, 99]
[126, 121, 148, 119, 98, 116, 121, 91, 102, 0, 0, 0, 139, 133, 96, 118, 0, 126, 113, 103, 139, 97, 146, 99]
[0, 94, 116, 0, 133, 129, 112, 123, 110, 115, 122, 101, 126, 144, 142, 0, 0, 148, 112, 107, 138, 138, 124, 135]
[102, 95, 120, 108, 114, 142, 99, 147, 120, 108, 93, 103, 94, 97, 101, 126, 107, 0, 0, 0, 0, 0, 0, 0]
0
[147, 104, 139, 148, 0, 129, 114, 146, 115, 0, 0, 0, 141, 109, 0, 149, 0, 119, 0, 122, 92, 94, 144, 122]
[0, 0, 0, 134, 130, 106, 141, 0, 138, 116, 145, 121, 98, 0, 0, 132, 0, 131, 108, 125, 116, 95, 0, 116]
0
[125, 0, 0, 146, 121, 145, 0, 116, 103, 108, 0, 126, 100, 95, 106, 0, 135, 116, 105, 138, 97, 134, 114, 142]
0
0
[117, 96, 0, 149, 145, 139, 112, 139, 127, 140, 0, 100, 144, 126, 109, 95, 130, 107, 118, 126, 121, 102, 0, 0]
0
[0, 0, 120, 120, 133, 143, 0, 0, 0, 132, 120, 0, 122, 109, 130, 0, 124, 98, 103, 105, 141, 0, 0, 0]
[92, 95, 130, 121, 137, 0, 0, 0, 0, 107, 109, 106, 0, 0, 0, 134, 124, 136, 148, 119, 0, 0, 0, 0]
0
0
[143, 130, 130, 146, 143, 97, 0, 0, 0, 0, 97, 114, 0, 122, 0, 106, 143, 116, 115, 134, 149, 0, 130, 117]
[128, 0, 127, 0, 103, 90, 0, 106, 129, 111, 148, 142, 0, 0, 0, 94, 105, 112, 0, 109, 118, 144, 147, 135]
[121, 0, 147, 116, 110, 0, 109, 102, 133, 138, 114, 90, 0, 108, 111, 0, 0, 0, 121, 149, 0, 0, 95, 0]
[141, 122, 146, 139, 105, 139, 96, 136, 137, 119, 105, 106, 146, 105, 138, 0, 0, 0, 128, 119, 128, 144, 115, 126]
[93, 90, 115, 108, 102, 96, 111, 0, 0, 0, 127, 95, 0, 0, 136, 94, 0, 116, 0, 0, 140, 133, 0, 91]
0
[115, 0, 143, 141, 92, 129, 94, 92, 97, 115, 107, 127, 0, 0, 0, 92, 0, 114, 123, 148, 122, 0, 109, 0]
0
0
[0, 116, 136, 0, 110, 96, 128, 100, 111, 119, 0, 103, 92, 149, 113, 148, 142, 94, 124, 97, 0, 146, 125, 0]
[94, 132, 124, 97, 127, 125, 0, 130, 102, 106, 121, 107, 139, 0, 99, 114, 0, 122, 147, 108, 108, 0, 108, 0]
0
[147, 0, 147, 0, 0, 0, 0, 116, 129, 120, 138, 114, 133, 144, 92, 0, 0, 0, 103, 115, 0, 127, 0, 142]
[112, 107, 0, 138, 0, 106, 117, 0, 149, 114, 0, 101, 107, 130, 0, 90, 97, 116, 131, 122, 143, 103, 117, 144]
[92, 105, 120, 0, 0, 0, 139, 135, 126, 106, 95, 97, 107, 0, 113, 137, 92, 148, 0, 0, 0, 119, 100, 98]
[90, 136, 112, 106, 141, 92, 117, 0, 111, 100, 97, 144, 94, 95, 125, 131, 0, 92, 135, 0, 143, 96, 102, 95]
0
[142, 103, 0, 0, 0, 0, 100, 0, 0, 0, 128, 129, 0, 107, 124, 108, 98, 0, 132, 93, 136, 113, 124, 0]
[121, 129, 123, 130, 99, 140, 0, 0, 0, 114, 149, 119, 112, 105, 147, 114, 133, 125, 142, 0, 91, 0, 107, 0]
[0, 0, 110, 132, 131, 0, 119, 0, 112, 0, 0, 0, 0, 110, 135, 0, 143, 95, 130, 131, 0, 0, 0, 0]
[135, 93, 134, 102, 107, 146, 97, 116, 128, 130, 0, 128, 131, 115, 120, 127, 135, 0, 132, 138, 115, 105, 119, 0]
[147, 92, 0, 122, 146, 0, 106, 141, 0, 143, 135, 121, 112, 99, 99, 0, 0, 0, 0, 95, 145, 0, 124, 0]
0
[94, 120, 0, 93, 126, 145, 120, 135, 111, 0, 114, 122, 108, 109, 0, 110, 137, 0, 115, 130, 96, 149, 121, 113]
[138, 124, 136, 0, 143, 128, 0, 146, 131, 0, 0, 148, 142, 0, 96, 111, 105, 110, 121, 93, 110, 136, 119, 117]
0
[113, 0, 136, 0, 125, 124, 123, 149, 145, 119, 105, 0, 96, 119, 114, 0, 0, 104, 137, 0, 102, 132, 114, 107]
[0, 0, 0, 102, 126, 102, 0, 149, 105, 103, 133, 134, 103, 116, 149, 0, 132, 0, 148, 0, 93, 0, 116, 106]
[0, 133, 137, 99, 139, 135, 95, 127, 113, 91, 0, 91, 143, 131, 90, 125, 107, 139, 0, 141, 137, 137, 143, 102]
0
[101, 102, 105, 118, 113, 0, 112, 134, 112, 148, 100, 102, 0, 112, 123, 118, 139, 109, 99, 109, 104, 0, 0, 0]
[101, 148, 111, 99, 0, 148, 126, 98, 100, 0, 129, 138, 0, 93, 0, 0, 121, 0, 130, 93, 115, 147, 125, 114]
0
[0, 117, 123, 0, 0, 0, 120, 0, 110, 0, 120, 103, 123, 116, 127, 0, 0, 0, 139, 122, 115, 0, 131, 100]
[149, 140, 111, 99, 126, 149, 145, 104, 98, 91, 119, 0, 133, 116, 134, 0, 0, 0, 144, 103, 124, 127, 118, 0]
[148, 96, 113, 0, 0, 0, 138, 115, 128, 0, 0, 0, 129, 0, 107, 113, 117, 0, 0, 143, 106, 121, 123, 148]
0
[116, 100, 127, 138, 144, 146, 92, 100, 0, 92, 0, 144, 122, 0, 103, 138, 0, 122, 121, 140, 106, 123, 146, 90]
[0, 141, 98, 135, 122, 0, 0, 102, 0, 0, 0, 0, 122, 140, 99, 91, 90, 131, 119, 148, 0, 0, 124, 106]
[120, 133, 144, 114, 0, 92, 118, 132, 120, 104, 0, 108, 0, 0, 0, 0, 93, 92, 0, 0, 0, 126, 0, 127]
[109, 149, 0, 0, 98, 101, 0, 0, 134, 143, 132, 143, 0, 117, 0, 93, 93, 91, 113, 142, 119, 101, 126, 139]
0
0
0
0
[136, 100, 129, 108, 135, 106, 104, 118, 102, 108, 94, 108, 0, 100, 106, 91, 130, 122, 100, 129, 122, 122, 146, 90]
0
[115, 114, 125, 113, 120, 107, 122, 131, 121, 138, 129, 125, 0, 97, 103, 100, 142, 104, 0, 0, 0, 115, 142, 95]
0
0
0
[0, 0, 0, 101, 127, 117, 99, 102, 111, 91, 95, 0, 0, 0, 0, 137, 127, 125, 129, 0, 95, 148, 100, 142]
0
[0, 0, 0, 0, 0, 0, 127, 0, 147, 0, 90, 143, 139, 104, 99, 127, 144, 0, 106, 139, 95, 127, 123, 0]
[116, 110, 111, 0, 119, 112, 149, 126, 145, 0, 139, 0, 119, 146, 129, 107, 0, 137, 0, 123, 122, 122, 112, 127]
[118, 0, 116, 0, 108, 147, 143, 149, 147, 0, 107, 147, 113, 0, 117, 136, 0, 91, 98, 118, 120, 144, 94, 98]
[130, 149, 139, 103, 99, 143, 94, 121, 121, 145, 140, 144, 0, 0, 0, 0, 0, 0, 138, 116, 143, 94, 100, 0]
[92, 135, 0, 97, 129, 93, 0, 0, 0, 131, 114, 0, 116, 114, 0, 97, 133, 101, 0, 0, 0, 127, 112, 139]
[0, 0, 0, 127, 125, 114, 92, 134, 116, 102, 101, 143, 97, 112, 107, 140, 115, 94, 137, 106, 120, 102, 123, 107]
[136, 0, 103, 94, 0, 143, 0, 130, 148, 0, 149, 137, 124, 138, 96, 124, 0, 0, 0, 0, 0, 90, 127, 145]
0
[0, 149, 117, 96, 100, 146, 140, 142, 90, 147, 110, 97, 104, 148, 111, 0, 0, 0, 149, 101, 125, 111, 145, 146]
[0, 0, 0, 146, 107, 120, 139, 149, 90, 0, 145, 99, 104, 97, 108, 0, 0, 0, 0, 134, 141, 0, 126, 93]
[125, 102, 126, 103, 142, 91, 118, 0, 0, 0, 0, 0, 0, 0, 0, 147, 0, 0, 114, 104, 121, 98, 132, 142]
[0, 127, 141, 105, 103, 143, 0, 0, 0, 106, 115, 0, 145, 132, 0, 0, 130, 102, 122, 149, 0, 131, 135, 99]
[99, 0, 111, 146, 120, 133, 0, 0, 0, 97, 99, 93, 90, 103, 130, 125, 0, 110, 129, 91, 0, 0, 0, 0]
[0, 0, 121, 146, 0, 133, 101, 114, 136, 117, 142, 0, 0, 0, 144, 135, 94, 147, 122, 145, 128, 0, 0, 0]
[130, 110, 142, 106, 90, 0, 0, 0, 0, 125, 114, 136, 97, 97, 130, 0, 0, 0, 0, 122, 112, 138, 103, 148]
[92, 132, 0, 0, 99, 135, 91, 143, 145, 138, 128, 0, 0, 0, 0, 94, 117, 91, 122, 124, 146, 0, 0, 129]
[128, 0, 108, 102, 0, 0, 0, 0, 0, 147, 145, 90, 0, 0, 149, 149, 116, 90, 0, 0, 0, 118, 105, 125]
[127, 95, 117, 124, 94, 94, 124, 106, 122, 0, 0, 96, 108, 90, 98, 142, 136, 98, 127, 0, 131, 147, 133, 104]
[0, 0, 0, 0, 0, 0, 108, 146, 98, 141, 138, 106, 128, 108, 97, 98, 95, 0, 123, 102, 124, 148, 114, 133]
[140, 142, 106, 103, 123, 148, 111, 143, 137, 106, 128, 147, 137, 125, 135, 123, 124, 91, 149, 123, 114, 0, 0, 0]
0
0
[135, 112, 0, 103, 96, 115, 129, 0, 131, 0, 148, 118, 128, 113, 0, 123, 94, 131, 102, 130, 116, 121, 119, 102]
[138, 97, 124, 0, 0, 0, 0, 105, 0, 0, 115, 90, 102, 93, 0, 0, 0, 0, 124, 93, 135, 92, 131, 125]
[121, 0, 101, 95, 118, 106, 145, 149, 142, 145, 0, 120, 97, 136, 113, 129, 130, 138, 136, 132, 113, 91, 0, 112]
[0, 0, 0, 0, 98, 0, 140, 117, 122, 0, 0, 0, 94, 102, 149, 0, 99, 0, 116, 0, 0, 110, 94, 90]
[114, 94, 133, 0, 119, 143, 0, 121, 118, 109, 0, 138, 0, 146, 0, 115, 139, 129, 136, 122, 105, 103, 109, 145]
0
0
[0, 0, 120, 94, 91, 0, 139, 103, 111, 115, 114, 97, 0, 122, 118, 119, 90, 118, 137, 0, 107, 90, 134, 99]
[131, 96, 137, 122, 143, 0, 146, 133, 149, 0, 0, 0, 115, 98, 0, 0, 98, 125, 143, 103, 0, 93, 0, 130]
[105, 149, 96, 119, 139, 130, 0, 0, 0, 128, 99, 100, 118, 109, 92, 0, 111, 0, 0, 0, 0, 96, 108, 145]
[147, 124, 137, 0, 0, 0, 91, 118, 142, 0, 136, 143, 148, 0, 145, 0, 93, 0, 105, 0, 147, 131, 0, 0]
[92, 0, 104, 102, 100, 0, 125, 141, 105, 123, 0, 92, 0, 0, 0, 0, 0, 0, 98, 0, 117, 133, 95, 114]
[135, 141, 113, 111, 93, 122, 110, 116, 92, 124, 95, 136, 139, 144, 146, 129, 103, 116, 119, 144, 134, 0, 139, 110]
[0, 0, 0, 128, 136, 104, 0, 107, 122, 0, 0, 0, 113, 0, 91, 124, 103, 148, 103, 0, 96, 143, 149, 117]
[108, 0, 0, 137, 120, 146, 0, 0, 0, 96, 131, 0, 122, 0, 105, 131, 134, 94, 113, 146, 139, 0, 0, 0]
[106, 0, 103, 98, 0, 100, 0, 99, 0, 103, 131, 131, 110, 121, 103, 110, 108, 108, 109, 0, 0, 0, 109, 98]
[145, 0, 132, 0, 0, 0, 120, 104, 124, 0, 0, 0, 136, 143, 143, 0, 115, 137, 119, 0, 0, 135, 122, 141]
0
[148, 95, 96, 0, 109, 111, 99, 133, 91, 0, 0, 121, 116, 147, 128, 0, 143, 101, 0, 135, 109, 0, 0, 0]
[138, 0, 142, 0, 96, 0, 0, 0, 0, 121, 136, 143, 0, 0, 0, 149, 146, 116, 121, 103, 90, 0, 0, 144]
[94, 124, 0, 0, 0, 0, 0, 0, 0, 127, 129, 0, 135, 0, 122, 91, 129, 126, 102, 141, 0, 123, 113, 0]
[0, 136, 125, 119, 119, 136, 142, 0, 149, 128, 133, 95, 0, 0, 0, 135, 133, 135, 0, 142, 130, 134, 0, 0]
[108, 144, 125, 121, 129, 0, 131, 138, 101, 137, 0, 0, 108, 145, 105, 0, 0, 0, 99, 133, 124, 0, 144, 90]
[130, 119, 94, 137, 121, 118, 147, 117, 0, 106, 129, 102, 0, 0, 0, 142, 120, 102, 128, 116, 142, 0, 0, 0]
[133, 112, 112, 93, 0, 108, 109, 117, 146, 105, 0, 113, 124, 114, 114, 111, 0, 91, 112, 0, 126, 144, 94, 0]
[91, 131, 0, 131, 131, 114, 105, 108, 92, 0, 137, 90, 130, 0, 94, 142, 131, 129, 120, 148, 140, 0, 138, 136]
[0, 0, 0, 128, 144, 113, 145, 102, 97, 133, 113, 0, 142, 117, 91, 0, 0, 0, 0, 0, 90, 108, 140, 91]
[118, 122, 0, 0, 133, 93, 120, 104, 0, 0, 0, 0, 125, 115, 98, 103, 121, 130, 97, 107, 112, 142, 123, 137]
0
0
0
[118, 105, 145, 142, 122, 126, 98, 108, 133, 0, 0, 0, 91, 144, 105, 0, 113, 115, 104, 141, 129, 0, 145, 149]
0
[0, 130, 146, 132, 92, 0, 126, 105, 126, 140, 141, 113, 118, 112, 132, 108, 120, 90, 141, 113, 118, 0, 122, 104]
[128, 0, 0, 126, 107, 0, 0, 107, 0, 111, 92, 91, 0, 0, 133, 129, 135, 0, 147, 147, 0, 0, 0, 0]
[130, 0, 128, 0, 105, 106, 0, 0, 0, 147, 0, 148, 100, 90, 0, 93, 0, 0, 120, 0, 126, 95, 125, 145]
[0, 131, 119, 103, 116, 146, 122, 127, 138, 128, 122, 97, 98, 106, 116, 113, 136, 111, 117, 134, 118, 136, 0, 149]
[0, 120, 111, 0, 148, 0, 0, 0, 0, 129, 0, 149, 0, 0, 129, 0, 0, 0, 95, 0, 0, 96, 0, 94]
[148, 139, 0, 114, 91, 0, 102, 127, 94, 134, 128, 91, 91, 117, 113, 112, 129, 119, 90, 148, 118, 0, 133, 104]
[119, 0, 147, 0, 0, 0, 102, 120, 121, 0, 0, 0, 114, 137, 114, 134, 0, 0, 100, 0, 0, 101, 149, 116]
[133, 127, 115, 93, 93, 100, 91, 133, 101, 140, 0, 0, 0, 131, 129, 145, 122, 103, 111, 124, 134, 105, 112, 124]
[90, 103, 116, 118, 113, 0, 143, 0, 114, 118, 139, 132, 0, 0, 0, 99, 0, 135, 0, 0, 128, 95, 0, 113]
0
0
[96, 114, 131, 0, 124, 0, 0, 0, 0, 117, 0, 117, 121, 116, 111, 128, 146, 102, 132, 131, 0, 0, 104, 108]
0
[134, 125, 100, 143, 121, 136, 102, 103, 128, 140, 138, 0, 93, 101, 142, 120, 93, 109, 0, 94, 0, 0, 0, 0]
0
[131, 116, 106, 95, 0, 101, 126, 149, 91, 0, 0, 0, 126, 105, 133, 123, 143, 0, 90, 0, 132, 146, 0, 141]
[130, 131, 0, 0, 118, 127, 122, 109, 93, 128, 0, 0, 99, 121, 0, 97, 148, 0, 91, 141, 137, 0, 0, 0]
0
0
0
[112, 0, 0, 144, 137, 122, 0, 0, 0, 114, 147, 96, 109, 149, 0, 146, 128, 95, 148, 0, 132, 0, 120, 0]
[0, 0, 0, 97, 121, 139, 0, 0, 112, 135, 141, 140, 137, 0, 129, 107, 136, 0, 0, 0, 0, 111, 119, 115]
0
0
[149, 149, 107, 107, 107, 0, 0, 0, 97, 108, 113, 128, 0, 0, 0, 124, 104, 146, 139, 104, 111, 107, 145, 143]
[0, 143, 99, 115, 0, 148, 97, 145, 144, 147, 94, 106, 109, 0, 99, 0, 0, 0, 0, 112, 122, 0, 0, 0]
[108, 129, 110, 111, 118, 113, 94, 97, 132, 131, 145, 95, 120, 149, 93, 130, 144, 0, 0, 0, 0, 0, 0, 0]
[145, 124, 134, 136, 141, 124, 149, 122, 116, 146, 139, 118, 143, 94, 130, 0, 105, 0, 117, 126, 148, 127, 0, 117]
[100, 122, 136, 106, 0, 107, 0, 140, 133, 100, 95, 0, 92, 127, 141, 106, 113, 94, 125, 100, 0, 0, 0, 0]
0
[127, 141, 106, 0, 98, 0, 107, 143, 142, 115, 135, 114, 0, 0, 138, 99, 98, 0, 0, 107, 0, 139, 110, 133]
[94, 109, 112, 117, 0, 116, 0, 0, 0, 110, 106, 114, 0, 0, 0, 114, 100, 102, 0, 128, 0, 118, 0, 127]
0
[135, 106, 93, 108, 118, 140, 123, 133, 118, 140, 111, 0, 97, 106, 91, 129, 114, 0, 0, 0, 0, 107, 101, 97]
[106, 127, 123, 0, 0, 0, 0, 0, 115, 123, 0, 0, 111, 126, 120, 102, 129, 0, 0, 0, 135, 123, 146, 139]
0
[137, 136, 96, 136, 0, 107, 0, 146, 125, 100, 123, 103, 105, 121, 130, 125, 0, 0, 99, 0, 113, 104, 126, 0]
[0, 138, 122, 142, 102, 127, 0, 147, 0, 0, 0, 0, 140, 103, 116, 104, 100, 142, 0, 0, 0, 110, 98, 124]
[0, 127, 126, 0, 114, 96, 0, 112, 135, 0, 0, 0, 93, 125, 97, 143, 0, 134, 132, 99, 136, 0, 0, 108]
[140, 134, 131, 119, 100, 0, 98, 114, 129, 108, 91, 111, 111, 130, 101, 113, 0, 127, 91, 140, 92, 0, 144, 102]
[123, 118, 0, 91, 116, 101, 107, 90, 143, 145, 98, 145, 112, 112, 92, 130, 121, 131, 129, 123, 111, 0, 138, 109]
[0, 138, 91, 129, 100, 115, 91, 116, 119, 94, 103, 0, 0, 120, 120, 148, 128, 0, 0, 0, 0, 112, 94, 98]
[0, 125, 115, 142, 0, 97, 0, 0, 0, 119, 0, 127, 0, 0, 119, 96, 115, 126, 0, 0, 0, 98, 117, 111]
[122, 127, 133, 0, 103, 105, 140, 125, 100, 127, 147, 103, 131, 0, 0, 113, 0, 126, 0, 0, 0, 101, 142, 0]
[115, 139, 129, 123, 109, 133, 114, 104, 103, 0, 93, 126, 0, 0, 0, 105, 144, 0, 106, 133, 124, 0, 107, 146]
[138, 103, 125, 146, 99, 0, 108, 0, 137, 139, 0, 128, 143, 103, 0, 0, 0, 0, 142, 110, 148, 0, 0, 110]
0
0
[137, 0, 0, 0, 0, 0, 144, 130, 109, 0, 0, 0, 146, 0, 118, 102, 123, 0, 121, 0, 125, 0, 0, 0]
[104, 138, 143, 0, 0, 0, 147, 138, 142, 0, 0, 0, 118, 124, 93, 116, 97, 144, 96, 92, 133, 107, 118, 95]
[109, 100, 0, 108, 103, 98, 0, 108, 113, 0, 128, 106, 0, 0, 0, 0, 0, 127, 97, 132, 147, 140, 148, 0]
[99, 0, 121, 144, 0, 128, 0, 0, 0, 0, 0, 0, 92, 131, 111, 132, 146, 99, 127, 110, 144, 0, 110, 148]
[144, 94, 140, 128, 107, 0, 113, 0, 123, 0, 96, 144, 0, 0, 0, 145, 117, 0, 128, 149, 142, 143, 93, 140]
0
[108, 110, 143, 129, 93, 122, 142, 117, 0, 0, 108, 119, 0, 118, 124, 0, 144, 135, 147, 130, 114, 104, 0, 103]
[115, 92, 123, 136, 0, 123, 135, 118, 128, 0, 0, 0, 137, 98, 115, 149, 94, 129, 0, 0, 0, 0, 114, 102]
0
0
[140, 140, 119, 148, 114, 111, 101, 138, 113, 0, 138, 0, 0, 138, 93, 0, 102, 0, 143, 0, 0, 146, 136, 113]
[0, 0, 116, 125, 120, 121, 95, 145, 93, 0, 105, 136, 149, 118, 0, 134, 132, 107, 0, 105, 0, 90, 113, 102]
[113, 129, 124, 149, 124, 100, 130, 140, 125, 107, 148, 0, 130, 0, 139, 139, 103, 91, 147, 104, 105, 0, 92, 94]
[135, 123, 0, 124, 141, 146, 97, 0, 0, 122, 94, 107, 141, 107, 0, 0, 114, 92, 122, 90, 146, 0, 0, 0]
[0, 111, 107, 0, 141, 124, 102, 145, 94, 0, 0, 0, 105, 139, 113, 123, 0, 116, 141, 117, 140, 0, 0, 0]
[133, 98, 0, 127, 126, 0, 100, 137, 107, 0, 0, 0, 127, 125, 0, 148, 0, 143, 123, 130, 0, 143, 0, 0]
[110, 135, 108, 0, 112, 138, 114, 135, 0, 126, 96, 139, 128, 0, 119, 0, 102, 100, 116, 118, 124, 91, 148, 95]
0
[148, 0, 139, 132, 135, 113, 109, 117, 0, 0, 0, 0, 0, 0, 0, 0, 0, 106, 123, 0, 141, 125, 137, 144]
[120, 113, 132, 127, 91, 0, 136, 131, 122, 0, 0, 0, 138, 94, 103, 0, 0, 138, 128, 103, 137, 106, 115, 0]
[137, 0, 128, 118, 125, 119, 124, 119, 147, 0, 0, 113, 112, 0, 129, 0, 0, 0, 111, 128, 108, 0, 0, 0]
[141, 119, 92, 145, 129, 141, 0, 124, 0, 149, 90, 127, 0, 0, 0, 104, 134, 101, 94, 0, 99, 0, 122, 117]
[0, 93, 129, 0, 97, 0, 0, 0, 0, 0, 90, 102, 125, 116, 118, 0, 141, 134, 97, 124, 99, 94, 118, 131]
0
0
[117, 0, 131, 92, 119, 114, 119, 0, 96, 106, 0, 0, 123, 138, 148, 119, 0, 0, 127, 145, 146, 0, 0, 0]
[122, 0, 133, 0, 128, 94, 121, 103, 143, 118, 126, 111, 134, 133, 136, 113, 0, 0, 124, 144, 0, 0, 97, 112]
[0, 112, 108, 139, 112, 141, 143, 0, 110, 0, 0, 0, 98, 0, 118, 114, 149, 99, 119, 96, 128, 113, 0, 134]
0
[142, 91, 0, 0, 136, 95, 117, 115, 109, 136, 114, 107, 145, 103, 0, 0, 112, 115, 147, 120, 129, 110, 120, 121]
[109, 131, 141, 147, 137, 0, 130, 92, 132, 105, 142, 0, 0, 0, 0, 0, 90, 121, 121, 119, 132, 124, 105, 123]
[134, 0, 125, 120, 145, 112, 93, 109, 97, 143, 105, 132, 105, 97, 137, 113, 121, 120, 114, 96, 100, 93, 115, 108]
[138, 130, 118, 132, 102, 0, 0, 90, 99, 97, 122, 99, 131, 103, 92, 129, 0, 120, 107, 0, 96, 148, 96, 128]
[142, 132, 0, 141, 94, 96, 117, 93, 97, 0, 139, 101, 146, 101, 0, 131, 94, 110, 107, 0, 134, 0, 0, 0]
[102, 125, 141, 147, 125, 117, 120, 92, 105, 92, 127, 128, 0, 0, 0, 100, 0, 117, 123, 92, 0, 94, 106, 143]
[95, 116, 0, 115, 135, 136, 103, 148, 0, 97, 0, 101, 119, 147, 105, 101, 128, 130, 130, 149, 92, 0, 0, 0]
0
[111, 143, 128, 126, 116, 138, 104, 142, 134, 148, 102, 0, 148, 147, 112, 141, 143, 148, 92, 107, 0, 117, 131, 0]
[0, 0, 0, 147, 147, 123, 100, 146, 98, 0, 0, 0, 141, 0, 111, 0, 139, 102, 0, 98, 0, 90, 100, 126]
[0, 102, 92, 0, 94, 0, 127, 0, 133, 143, 142, 0, 94, 135, 102, 92, 101, 133, 139, 100, 119, 141, 132, 148]
0
[115, 147, 0, 134, 0, 123, 147, 96, 0, 91, 97, 0, 138, 0, 149, 100, 117, 118, 115, 95, 0, 121, 122, 131]
[104, 102, 133, 100, 0, 110, 121, 140, 101, 131, 120, 133, 142, 117, 90, 0, 128, 117, 0, 0, 0, 102, 147, 138]
[114, 142, 128, 103, 146, 0, 104, 0, 112, 91, 107, 110, 129, 0, 121, 98, 111, 138, 125, 96, 128, 0, 107, 121]
[124, 133, 138, 100, 144, 0, 117, 94, 149, 105, 109, 136, 0, 0, 0, 0, 0, 0, 147, 104, 0, 108, 146, 148]
0
[122, 96, 107, 136, 127, 95, 0, 0, 0, 0, 0, 0, 108, 0, 138, 92, 103, 0, 148, 112, 0, 0, 0, 110]
[99, 108, 135, 114, 94, 0, 95, 145, 0, 111, 136, 0, 149, 143, 98, 118, 0, 128, 0, 0, 94, 147, 131, 90]
[0, 107, 146, 0, 0, 0, 136, 133, 110, 139, 137, 133, 145, 0, 148, 105, 0, 135, 102, 0, 144, 146, 109, 112]
[103, 117, 119, 124, 0, 140, 117, 0, 145, 0, 0, 0, 105, 102, 104, 143, 100, 113, 98, 110, 116, 135, 106, 90]
0
[0, 0, 0, 104, 94, 0, 118, 131, 0, 124, 142, 103, 119, 0, 0, 140, 147, 93, 0, 114, 114, 0, 0, 0]
[141, 132, 105, 141, 135, 135, 143, 132, 111, 92, 109, 143, 93, 0, 142, 0, 141, 106, 0, 95, 99, 0, 148, 108]
0
0
0
0
0
[0, 121, 99, 0, 135, 99, 0, 102, 146, 110, 111, 133, 109, 91, 140, 111, 135, 113, 0, 98, 134, 113, 142, 110]
[129, 119, 131, 0, 0, 0, 96, 0, 107, 148, 0, 111, 0, 127, 145, 131, 0, 148, 147, 106, 102, 112, 99, 95]
[97, 0, 0, 148, 109, 0, 111, 122, 116, 128, 107, 142, 122, 128, 122, 117, 134, 110, 0, 149, 148, 128, 115, 0]
[144, 91, 96, 133, 137, 127, 143, 110, 134, 141, 0, 114, 136, 108, 0, 0, 0, 0, 0, 0, 0, 108, 142, 0]
[90, 0, 144, 128, 0, 0, 0, 0, 0, 138, 109, 106, 104, 105, 146, 119, 0, 120, 0, 0, 0, 138, 139, 0]
[0, 107, 126, 108, 139, 0, 121, 91, 131, 107, 0, 97, 100, 138, 107, 99, 147, 0, 0, 0, 0, 127, 0, 90]
0
[145, 0, 134, 0, 0, 0, 96, 107, 100, 0, 121, 0, 144, 108, 134, 0, 0, 123, 145, 120, 98, 118, 120, 127]
[143, 145, 138, 118, 0, 146, 110, 118, 0, 124, 109, 94, 111, 132, 117, 120, 148, 117, 120, 112, 0, 0, 0, 91]
[143, 105, 96, 139, 133, 0, 142, 125, 0, 141, 142, 140, 0, 0, 0, 90, 123, 95, 122, 136, 100, 0, 0, 0]
[0, 142, 129, 0, 0, 0, 127, 142, 121, 0, 129, 107, 140, 90, 124, 126, 0, 94, 112, 125, 121, 0, 0, 0]
0
[146, 0, 146, 94, 93, 104, 133, 0, 144, 0, 0, 0, 104, 107, 0, 0, 0, 0, 105, 121, 130, 136, 139, 100]
[137, 119, 0, 0, 0, 0, 0, 0, 0, 90, 121, 107, 111, 120, 93, 115, 93, 0, 107, 149, 107, 0, 105, 95]
[0, 0, 0, 0, 138, 107, 137, 143, 129, 0, 128, 129, 0, 95, 104, 137, 130, 0, 103, 140, 144, 146, 119, 104]
[148, 130, 94, 129, 0, 133, 132, 145, 136, 134, 129, 125, 106, 118, 107, 124, 99, 114, 142, 112, 101, 104, 93, 129]
[0, 0, 0, 90, 137, 91, 116, 0, 0, 0, 0, 0, 93, 141, 139, 146, 125, 131, 136, 139, 90, 132, 0, 124]
[118, 90, 132, 124, 140, 145, 104, 0, 131, 111, 121, 132, 113, 135, 135, 128, 98, 0, 100, 133, 138, 140, 103, 129]
[99, 119, 139, 146, 135, 127, 133, 126, 92, 93, 129, 0, 123, 102, 138, 0, 0, 147, 138, 117, 95, 0, 0, 0]
[143, 148, 0, 111, 113, 101, 126, 98, 132, 115, 146, 141, 123, 139, 135, 104, 132, 107, 0, 97, 0, 0, 0, 106]
[102, 0, 120, 109, 143, 124, 0, 119, 143, 101, 127, 92, 148, 132, 123, 0, 139, 140, 115, 103, 0, 0, 130, 99]
[0, 121, 149, 96, 0, 137, 109, 130, 0, 0, 97, 97, 0, 0, 105, 107, 105, 118, 135, 139, 131, 139, 134, 147]
0
[126, 105, 114, 127, 137, 0, 123, 98, 145, 119, 148, 148, 124, 111, 93, 121, 119, 121, 0, 127, 129, 109, 0, 111]
[0, 0, 0, 93, 0, 0, 126, 119, 106, 133, 138, 0, 0, 0, 0, 138, 100, 131, 117, 130, 0, 128, 116, 0]
0
0
[94, 0, 94, 147, 144, 115, 0, 0, 96, 116, 0, 112, 122, 120, 136, 0, 0, 132, 0, 0, 0, 110, 124, 0]
[96, 0, 0, 124, 117, 138, 0, 0, 0, 0, 0, 0, 139, 115, 116, 93, 141, 90, 0, 147, 145, 123, 131, 114]
[144, 0, 109, 107, 118, 122, 113, 96, 124, 122, 0, 0, 142, 135, 143, 117, 139, 99, 114, 144, 99, 0, 120, 131]
[127, 123, 143, 104, 148, 122, 129, 0, 0, 122, 131, 102, 99, 117, 112, 99, 0, 96, 136, 140, 111, 140, 134, 139]
0
0
[91, 94, 0, 147, 109, 0, 96, 91, 0, 0, 122, 0, 0, 0, 0, 114, 0, 140, 143, 122, 0, 122, 108, 131]
0
0
[0, 0, 0, 124, 0, 135, 119, 105, 131, 134, 124, 140, 114, 0, 129, 146, 128, 0, 116, 93, 111, 0, 0, 0]
[149, 141, 94, 122, 125, 0, 0, 0, 0, 126, 0, 144, 117, 132, 112, 105, 104, 0, 133, 0, 108, 132, 129, 0]
0
[141, 112, 127, 0, 0, 0, 133, 141, 0, 0, 0, 0, 133, 0, 149, 128, 0, 126, 104, 91, 0, 111, 90, 0]
0
0
[107, 92, 0, 124, 131, 0, 107, 118, 136, 122, 0, 124, 0, 141, 145, 0, 104, 138, 145, 118, 117, 0, 131, 135]
0
0
[122, 131, 128, 130, 122, 93, 124, 109, 119, 94, 0, 103, 110, 0, 149, 121, 126, 0, 0, 137, 130, 146, 146, 90]
[99, 134, 0, 131, 137, 107, 0, 0, 0, 129, 137, 97, 0, 96, 141, 0, 0, 0, 91, 147, 0, 136, 0, 136]
[0, 0, 123, 0, 149, 144, 0, 147, 136, 98, 120, 0, 0, 0, 0, 123, 0, 123, 145, 133, 141, 0, 148, 118]
[125, 99, 0, 115, 0, 99, 136, 121, 97, 127, 94, 120, 0, 122, 137, 106, 0, 133, 144, 125, 103, 0, 0, 0]
[119, 0, 125, 109, 122, 121, 0, 95, 137, 0, 108, 147, 102, 0, 92, 0, 0, 0, 106, 0, 94, 94, 0, 91]
0
0
0
[108, 97, 125, 122, 138, 105, 95, 97, 141, 0, 0, 0, 128, 134, 0, 141, 147, 0, 113, 98, 115, 133, 101, 136]
[137, 0, 126, 129, 125, 133, 98, 0, 0, 108, 115, 144, 0, 0, 0, 145, 149, 93, 143, 91, 145, 92, 121, 0]
[122, 0, 116, 137, 124, 141, 111, 136, 131, 0, 0, 0, 141, 146, 136, 95, 149, 0, 141, 112, 0, 117, 103, 106]
[0, 0, 142, 0, 0, 0, 0, 0, 0, 118, 93, 145, 141, 117, 141, 105, 0, 135, 124, 0, 108, 139, 113, 95]
0
0
[131, 96, 119, 109, 149, 92, 0, 0, 0, 111, 142, 90, 142, 90, 109, 135, 125, 0, 92, 139, 115, 120, 0, 103]
[94, 0, 98, 133, 111, 92, 119, 117, 0, 0, 0, 0, 132, 0, 0, 144, 0, 136, 111, 130, 132, 0, 0, 0]
[123, 116, 104, 104, 136, 135, 137, 101, 117, 148, 148, 0, 114, 0, 95, 127, 0, 148, 91, 0, 110, 110, 137, 0]
[110, 126, 130, 143, 138, 128, 120, 145, 111, 0, 0, 0, 136, 112, 133, 111, 102, 115, 95, 129, 148, 92, 102, 99]
0
[0, 137, 0, 0, 106, 0, 99, 136, 101, 106, 91, 90, 101, 138, 119, 144, 91, 104, 0, 138, 135, 90, 134, 0]
[122, 0, 143, 142, 128, 107, 114, 100, 130, 0, 106, 147, 105, 138, 127, 116, 0, 96, 0, 0, 0, 0, 0, 0]
[96, 124, 107, 0, 0, 0, 123, 109, 147, 0, 122, 109, 135, 108, 132, 0, 0, 0, 0, 100, 96, 0, 145, 123]
[129, 102, 109, 0, 0, 0, 109, 96, 123, 117, 120, 0, 149, 0, 148, 0, 131, 0, 97, 140, 134, 112, 0, 101]
[0, 102, 111, 129, 91, 144, 90, 117, 0, 0, 97, 115, 0, 0, 122, 0, 111, 122, 0, 123, 90, 125, 95, 104]
[123, 92, 129, 99, 0, 149, 0, 0, 0, 0, 112, 110, 105, 147, 96, 131, 113, 113, 0, 0, 0, 147, 110, 0]
0
0
[130, 115, 132, 127, 0, 0, 128, 90, 112, 144, 125, 132, 0, 0, 0, 0, 0, 0, 105, 132, 0, 149, 139, 0]
[126, 96, 94, 145, 113, 0, 0, 0, 92, 135, 109, 135, 144, 0, 111, 140, 121, 102, 132, 106, 0, 0, 0, 0]
0
[118, 98, 128, 91, 99, 110, 140, 97, 109, 0, 0, 0, 143, 0, 104, 149, 92, 117, 95, 0, 93, 132, 129, 132]
[0, 145, 136, 111, 0, 109, 0, 0, 106, 112, 144, 149, 112, 134, 101, 109, 127, 131, 142, 121, 145, 0, 0, 128]
[135, 145, 0, 144, 126, 98, 143, 103, 112, 131, 117, 134, 0, 0, 0, 114, 104, 115, 134, 107, 132, 116, 104, 123]
[100, 119, 0, 149, 130, 135, 148, 0, 105, 142, 101, 116, 91, 93, 120, 122, 106, 114, 123, 98, 122, 93, 0, 0]
[100, 99, 103, 105, 135, 106, 0, 0, 0, 94, 0, 103, 91, 0, 96, 0, 0, 0, 103, 117, 93, 0, 90, 121]
[0, 141, 123, 124, 147, 0, 92, 0, 107, 128, 137, 130, 0, 0, 0, 95, 148, 100, 140, 143, 120, 93, 136, 92]
[103, 147, 0, 95, 133, 140, 136, 146, 123, 98, 96, 91, 0, 107, 103, 100, 140, 112, 92, 136, 129, 92, 149, 105]
[141, 0, 139, 0, 121, 139, 0, 0, 0, 108, 125, 116, 93, 145, 99, 0, 0, 0, 93, 109, 0, 108, 134, 104]
0
0
[109, 0, 138, 100, 120, 125, 0, 0, 0, 109, 92, 120, 105, 133, 121, 92, 149, 0, 148, 0, 140, 118, 116, 132]
[109, 96, 114, 0, 0, 0, 132, 0, 114, 0, 136, 100, 148, 125, 115, 131, 128, 99, 0, 0, 0, 0, 125, 125]
[112, 0, 125, 107, 118, 146, 142, 0, 102, 98, 130, 122, 0, 0, 0, 0, 0, 0, 0, 93, 90, 103, 119, 139]
0
[0, 0, 0, 0, 0, 0, 94, 131, 91, 140, 137, 94, 99, 0, 101, 110, 141, 145, 148, 114, 133, 118, 0, 130]
[100, 144, 91, 0, 0, 0, 133, 0, 0, 102, 149, 97, 141, 109, 101, 91, 0, 104, 0, 106, 149, 141, 0, 0]
0
0
[106, 0, 146, 0, 117, 0, 100, 128, 134, 0, 99, 126, 117, 131, 103, 141, 0, 90, 95, 0, 137, 103, 106, 134]
0
[104, 136, 105, 126, 140, 110, 0, 117, 0, 115, 0, 0, 0, 0, 0, 0, 141, 134, 106, 94, 134, 148, 92, 0]
[128, 134, 135, 97, 114, 97, 0, 0, 0, 144, 133, 96, 140, 93, 130, 0, 133, 134, 146, 96, 110, 0, 135, 125]
[120, 0, 101, 0, 0, 98, 102, 0, 101, 130, 130, 134, 128, 126, 112, 92, 0, 143, 99, 122, 101, 137, 92, 128]
[126, 116, 137, 133, 90, 90, 0, 0, 0, 0, 111, 140, 129, 93, 115, 100, 130, 134, 107, 127, 100, 114, 116, 0]
[0, 0, 0, 0, 106, 119, 0, 0, 0, 109, 119, 145, 123, 0, 109, 140, 149, 0, 123, 0, 94, 106, 0, 0]
[119, 134, 133, 91, 95, 117, 0, 137, 113, 0, 0, 0, 93, 104, 91, 100, 147, 111, 139, 0, 142, 109, 141, 112]
[105, 132, 108, 110, 118, 140, 0, 0, 0, 121, 145, 123, 117, 138, 0, 0, 0, 0, 130, 115, 103, 134, 120, 140]
0
0
0
[110, 115, 132, 116, 137, 93, 90, 0, 133, 0, 124, 145, 130, 117, 115, 97, 109, 122, 142, 115, 146, 138, 114, 148]
[0, 0, 0, 0, 120, 126, 0, 0, 0, 145, 132, 112, 140, 149, 0, 127, 98, 102, 0, 134, 90, 140, 0, 0]
0
0
0
[0, 140, 138, 126, 129, 135, 0, 0, 0, 90, 133, 127, 95, 122, 115, 124, 137, 0, 91, 141, 124, 124, 146, 112]
[0, 0, 0, 99, 120, 114, 115, 0, 122, 0, 0, 0, 131, 0, 113, 146, 0, 122, 140, 127, 131, 129, 129, 138]
[102, 111, 139, 141, 0, 90, 91, 148, 136, 119, 117, 96, 132, 91, 107, 143, 0, 0, 91, 110, 0, 121, 147, 130]
[128, 107, 121, 103, 99, 138, 93, 107, 138, 102, 141, 121, 111, 103, 141, 112, 91, 138, 0, 0, 0, 126, 107, 96]
[0, 0, 0, 104, 0, 0, 147, 132, 147, 107, 112, 0, 132, 140, 105, 0, 108, 106, 0, 123, 119, 121, 128, 141]
0
[0, 109, 104, 0, 0, 0, 0, 0, 128, 0, 127, 92, 95, 128, 123, 116, 124, 103, 144, 99, 114, 137, 0, 96]
[0, 0, 0, 0, 125, 114, 101, 125, 107, 0, 0, 0, 119, 90, 0, 109, 93, 0, 142, 0, 123, 103, 105, 95]
[109, 149, 119, 117, 124, 140, 0, 0, 144, 140, 104, 118, 132, 113, 95, 121, 139, 0, 103, 125, 104, 0, 0, 96]
[148, 137, 117, 0, 104, 143, 99, 123, 144, 101, 0, 94, 103, 125, 129, 91, 92, 145, 0, 115, 96, 113, 0, 92]
0
[139, 0, 126, 124, 136, 149, 95, 135, 0, 0, 0, 0, 0, 0, 0, 125, 0, 104, 101, 139, 0, 0, 0, 0]
[0, 0, 0, 147, 136, 0, 136, 108, 0, 104, 105, 119, 99, 116, 94, 112, 109, 0, 0, 0, 0, 97, 105, 90]
0
0
[147, 134, 136, 119, 118, 114, 118, 0, 101, 126, 137, 93, 114, 119, 114, 96, 98, 132, 132, 102, 129, 111, 0, 144]
0
[0, 119, 0, 0, 124, 100, 135, 0, 94, 0, 0, 0, 145, 0, 107, 147, 90, 99, 0, 0, 0, 99, 119, 125]
[110, 125, 108, 113, 91, 0, 0, 92, 90, 100, 100, 0, 0, 0, 0, 124, 136, 99, 127, 0, 141, 0, 97, 117]
0
[132, 143, 95, 127, 141, 0, 0, 0, 0, 149, 130, 146, 114, 106, 0, 118, 108, 106, 145, 0, 138, 0, 94, 146]
[0, 124, 93, 141, 91, 99, 112, 91, 147, 95, 142, 97, 0, 91, 0, 116, 128, 0, 92, 110, 132, 122, 141, 0]
[104, 144, 0, 0, 0, 0, 108, 113, 126, 148, 90, 94, 139, 98, 105, 0, 0, 0, 147, 122, 102, 122, 0, 108]
0
0
0
0
0
0
0
[0, 0, 0, 0, 0, 0, 144, 108, 125, 92, 124, 0, 133, 0, 123, 124, 94, 96, 115, 105, 103, 109, 135, 0]
0
[0, 0, 0, 118, 132, 111, 109, 144, 141, 0, 0, 0, 0, 118, 108, 131, 139, 90, 136, 141, 106, 144, 133, 114]
0
[139, 103, 0, 146, 0, 123, 142, 0, 100, 0, 0, 0, 99, 133, 100, 114, 137, 93, 98, 129, 125, 0, 0, 0]
0
[98, 131, 120, 120, 118, 146, 143, 118, 0, 123, 132, 123, 133, 140, 124, 134, 93, 107, 142, 102, 99, 123, 111, 109]
[118, 114, 101, 124, 143, 93, 96, 98, 132, 0, 0, 0, 0, 130, 102, 102, 123, 107, 100, 110, 90, 108, 134, 93]
[108, 145, 102, 99, 0, 114, 127, 98, 92, 129, 0, 121, 127, 103, 90, 146, 143, 123, 99, 0, 0, 103, 93, 91]
[123, 108, 132, 0, 116, 0, 127, 148, 125, 129, 142, 120, 0, 0, 0, 113, 94, 103, 149, 0, 108, 0, 0, 0]
[0, 0, 0, 104, 0, 138, 0, 0, 0, 123, 114, 115, 137, 0, 146, 105, 114, 90, 117, 139, 0, 107, 91, 91]
0
0
[0, 0, 0, 121, 98, 107, 0, 132, 113, 138, 121, 149, 126, 123, 0, 115, 0, 96, 0, 0, 145, 0, 90, 0]
[141, 116, 98, 0, 0, 125, 114, 98, 142, 96, 97, 0, 0, 0, 0, 128, 130, 0, 0, 0, 0, 131, 120, 137]
[0, 0, 0, 146, 94, 145, 133, 141, 101, 0, 125, 142, 109, 99, 0, 0, 149, 148, 107, 94, 90, 92, 0, 145]
[97, 91, 100, 141, 100, 137, 115, 0, 105, 93, 118, 0, 147, 111, 0, 0, 0, 0, 0, 92, 125, 0, 129, 100]
0
[0, 132, 0, 111, 0, 129, 94, 93, 0, 0, 0, 0, 0, 148, 101, 119, 90, 115, 144, 92, 106, 140, 115, 115]
[0, 113, 110, 0, 0, 138, 129, 130, 120, 98, 145, 104, 0, 108, 142, 0, 0, 120, 0, 0, 130, 118, 102, 0]
0
0
0
[104, 132, 110, 95, 117, 0, 0, 111, 100, 0, 0, 0, 124, 116, 138, 109, 92, 123, 111, 113, 0, 0, 0, 0]
[0, 135, 107, 111, 0, 117, 0, 148, 124, 133, 120, 136, 0, 0, 0, 0, 96, 119, 100, 148, 131, 141, 131, 121]
[0, 0, 0, 110, 0, 123, 149, 120, 117, 111, 110, 122, 0, 0, 0, 134, 131, 104, 132, 109, 99, 118, 115, 138]
0
0
0
0
0
0
0
[0, 0, 0, 146, 144, 139, 148, 90, 112, 101, 112, 92, 120, 115, 0, 144, 0, 114, 0, 133, 143, 0, 0, 0]
[92, 139, 0, 103, 134, 116, 0, 120, 120, 96, 129, 0, 144, 148, 0, 145, 129, 90, 108, 135, 123, 123, 131, 149]
[117, 109, 0, 121, 135, 100, 0, 0, 0, 140, 129, 91, 130, 140, 119, 0, 101, 0, 122, 146, 109, 0, 135, 0]
[97, 126, 132, 0, 0, 0, 0, 0, 0, 127, 0, 96, 123, 136, 129, 147, 131, 108, 139, 92, 144, 0, 140, 148]
[138, 118, 122, 0, 0, 120, 91, 142, 128, 0, 0, 0, 133, 142, 133, 0, 137, 108, 90, 112, 133, 116, 104, 106]
[95, 94, 145, 0, 113, 109, 0, 140, 146, 121, 114, 0, 138, 107, 121, 137, 91, 142, 0, 0, 0, 114, 145, 0]
0
[0, 117, 131, 94, 106, 0, 148, 0, 130, 0, 98, 97, 0, 125, 110, 147, 0, 137, 0, 0, 0, 93, 104, 134]
[102, 147, 107, 145, 109, 92, 124, 115, 134, 101, 149, 148, 137, 127, 144, 0, 0, 0, 112, 140, 123, 0, 0, 0]
[139, 132, 143, 129, 137, 129, 112, 147, 145, 90, 93, 147, 115, 96, 126, 0, 0, 0, 118, 133, 0, 0, 0, 0]
0
0
[106, 99, 118, 0, 0, 0, 130, 132, 97, 0, 0, 0, 148, 0, 0, 0, 0, 103, 107, 130, 113, 0, 135, 119]
[92, 0, 115, 0, 90, 130, 0, 0, 0, 130, 0, 0, 132, 145, 101, 0, 133, 96, 111, 94, 146, 93, 104, 0]
0
0
[114, 120, 119, 112, 146, 0, 0, 91, 118, 0, 0, 0, 107, 114, 102, 145, 0, 142, 0, 140, 103, 122, 142, 119]
0
[102, 147, 126, 122, 93, 0, 0, 0, 0, 132, 131, 0, 119, 138, 112, 93, 121, 102, 146, 126, 0, 0, 0, 0]
[0, 0, 0, 0, 128, 103, 124, 129, 90, 135, 0, 111, 0, 0, 101, 0, 0, 0, 122, 99, 0, 136, 0, 128]
[116, 145, 118, 92, 0, 106, 91, 0, 96, 113, 0, 145, 117, 113, 123, 0, 120, 137, 102, 128, 93, 121, 100, 97]
[137, 95, 98, 112, 115, 149, 106, 132, 115, 90, 127, 99, 0, 0, 0, 99, 102, 135, 0, 109, 130, 128, 101, 131]
[0, 116, 90, 95, 112, 141, 104, 101, 149, 0, 0, 146, 0, 0, 0, 0, 0, 114, 148, 0, 0, 142, 111, 0]
[0, 148, 113, 140, 145, 0, 0, 0, 117, 130, 126, 120, 116, 0, 107, 133, 0, 92, 112, 0, 98, 123, 146, 0]
[103, 0, 125, 101, 94, 112, 149, 0, 115, 140, 118, 93, 121, 105, 111, 132, 111, 0, 109, 0, 134, 94, 115, 119]
0
0
0
0
0
0
[121, 0, 0, 146, 127, 90, 0, 0, 149, 143, 116, 135, 103, 0, 131, 126, 90, 132, 112, 0, 127, 134, 0, 116]
[127, 90, 109, 97, 121, 108, 90, 136, 133, 144, 101, 131, 122, 105, 101, 126, 129, 0, 0, 139, 142, 0, 0, 0]
[148, 141, 121, 119, 0, 91, 106, 133, 103, 0, 130, 98, 119, 0, 0, 117, 125, 92, 0, 131, 97, 110, 0, 142]
[115, 148, 0, 109, 110, 127, 128, 112, 122, 0, 0, 0, 103, 125, 107, 110, 108, 144, 112, 90, 0, 0, 0, 0]
0
[0, 0, 0, 0, 91, 100, 0, 102, 128, 141, 127, 0, 104, 133, 135, 0, 0, 0, 119, 90, 0, 0, 0, 0]
[0, 110, 120, 132, 131, 131, 0, 0, 0, 105, 142, 104, 98, 146, 0, 149, 0, 0, 131, 0, 102, 93, 103, 135]
[106, 112, 136, 0, 0, 0, 114, 129, 140, 113, 111, 135, 115, 94, 149, 133, 136, 111, 0, 0, 0, 101, 99, 107]
[133, 103, 0, 105, 107, 102, 118, 132, 0, 134, 107, 145, 0, 0, 125, 115, 0, 108, 126, 0, 148, 126, 0, 110]
0
[97, 97, 0, 0, 0, 0, 142, 0, 100, 121, 95, 114, 145, 144, 126, 0, 106, 145, 91, 103, 134, 146, 131, 0]
[95, 97, 123, 0, 100, 0, 94, 92, 136, 0, 92, 0, 0, 0, 0, 116, 127, 141, 105, 146, 94, 0, 0, 0]
0
0
0
[144, 120, 132, 94, 101, 149, 128, 131, 131, 0, 0, 0, 0, 0, 126, 0, 119, 115, 96, 135, 0, 149, 126, 148]
[0, 95, 121, 0, 0, 0, 93, 0, 0, 144, 100, 0, 0, 0, 0, 127, 115, 91, 138, 105, 115, 112, 131, 93]
[105, 138, 136, 0, 0, 0, 92, 0, 120, 0, 0, 0, 0, 107, 123, 0, 138, 0, 149, 126, 101, 107, 117, 142]
[133, 107, 117, 113, 0, 133, 111, 103, 104, 134, 99, 107, 133, 127, 103, 100, 0, 0, 113, 145, 137, 128, 146, 105]
0
0
0
[97, 100, 117, 114, 122, 105, 129, 123, 108, 0, 122, 0, 0, 0, 0, 137, 117, 99, 0, 0, 0, 114, 121, 147]
[132, 131, 92, 148, 107, 100, 0, 0, 0, 104, 94, 135, 102, 113, 111, 94, 122, 126, 115, 94, 98, 131, 147, 0]
[98, 121, 107, 0, 0, 101, 90, 97, 126, 0, 0, 139, 93, 136, 117, 0, 0, 0, 112, 99, 147, 112, 148, 104]
[132, 121, 0, 0, 140, 109, 0, 128, 94, 106, 127, 146, 137, 144, 122, 0, 0, 128, 0, 0, 0, 124, 133, 139]
0
0
0
0
0
0
0
0
[117, 103, 100, 133, 0, 130, 0, 97, 0, 148, 133, 99, 115, 147, 116, 109, 104, 94, 143, 125, 99, 105, 97, 122]
[118, 100, 99, 138, 97, 0, 92, 119, 144, 131, 127, 136, 128, 103, 104, 0, 147, 105, 120, 140, 0, 0, 0, 0]
[122, 137, 96, 0, 101, 105, 99, 0, 105, 0, 0, 0, 103, 137, 125, 106, 0, 101, 120, 129, 101, 0, 0, 0]
0
0
[0, 143, 96, 121, 101, 101, 122, 138, 0, 108, 148, 0, 132, 104, 100, 120, 0, 93, 105, 147, 122, 124, 147, 92]
[105, 112, 128, 133, 103, 133, 143, 98, 92, 133, 106, 0, 0, 146, 122, 149, 0, 102, 91, 106, 118, 113, 121, 132]
0
[125, 147, 109, 0, 107, 144, 96, 125, 116, 124, 100, 0, 90, 0, 94, 113, 101, 98, 125, 120, 93, 120, 138, 112]
[98, 139, 130, 135, 0, 0, 143, 0, 111, 123, 127, 90, 96, 108, 94, 117, 91, 116, 128, 126, 0, 109, 133, 126]
[139, 133, 118, 139, 132, 102, 149, 144, 122, 146, 0, 0, 0, 0, 0, 0, 0, 0, 135, 110, 0, 145, 149, 107]
0
[138, 125, 95, 104, 0, 0, 109, 122, 0, 0, 133, 128, 0, 0, 0, 115, 105, 111, 145, 137, 123, 0, 0, 0]
[120, 99, 119, 113, 100, 117, 124, 0, 143, 0, 124, 0, 126, 106, 108, 0, 126, 98, 93, 126, 0, 0, 0, 0]
[140, 112, 115, 129, 137, 0, 0, 0, 0, 0, 101, 0, 92, 136, 103, 102, 116, 127, 115, 147, 134, 135, 143, 147]
0
[131, 121, 90, 136, 123, 113, 147, 144, 112, 0, 106, 148, 0, 0, 0, 132, 133, 130, 115, 0, 119, 0, 97, 137]
0
0
[106, 111, 128, 110, 103, 102, 147, 0, 128, 137, 0, 99, 112, 123, 129, 121, 133, 135, 0, 0, 0, 108, 133, 135]
0
[95, 102, 0, 90, 95, 91, 131, 111, 144, 141, 107, 147, 138, 126, 105, 0, 120, 127, 0, 0, 0, 127, 124, 138]
[127, 123, 117, 0, 132, 142, 0, 137, 123, 110, 99, 113, 142, 138, 123, 0, 0, 0, 0, 0, 0, 0, 0, 143]
[91, 138, 0, 97, 0, 147, 123, 137, 113, 0, 0, 0, 131, 115, 127, 149, 118, 117, 102, 0, 121, 0, 0, 0]
0
0
0
0
0
0
0
0
[131, 97, 135, 133, 109, 145, 111, 99, 145, 95, 140, 139, 0, 132, 99, 123, 135, 124, 0, 0, 0, 119, 103, 117]
[148, 102, 144, 111, 140, 100, 114, 95, 137, 0, 0, 0, 135, 123, 122, 106, 98, 122, 133, 129, 147, 0, 90, 117]
[117, 97, 132, 116, 96, 123, 0, 132, 93, 144, 142, 146, 135, 101, 146, 0, 97, 0, 109, 132, 129, 137, 117, 0]
[138, 0, 128, 105, 120, 108, 101, 132, 0, 0, 0, 0, 108, 146, 127, 132, 123, 133, 90, 141, 137, 122, 148, 143]
[102, 0, 127, 144, 114, 93, 137, 142, 101, 110, 134, 113, 131, 120, 104, 110, 127, 0, 0, 96, 106, 145, 125, 147]
[0, 108, 91, 91, 104, 125, 126, 95, 145, 100, 140, 127, 126, 0, 123, 0, 149, 147, 146, 115, 112, 99, 0, 0]
[0, 0, 0, 106, 134, 132, 0, 0, 0, 131, 92, 0, 0, 0, 139, 0, 107, 92, 118, 0, 112, 103, 0, 124]
[133, 131, 122, 104, 131, 117, 0, 95, 111, 129, 0, 114, 0, 92, 117, 0, 120, 105, 92, 133, 122, 144, 112, 149]
[0, 121, 0, 148, 143, 107, 0, 0, 0, 101, 139, 129, 136, 137, 0, 121, 134, 0, 0, 94, 0, 115, 0, 111]
[0, 96, 109, 0, 107, 145, 142, 98, 139, 0, 0, 93, 127, 130, 121, 0, 145, 137, 110, 144, 134, 145, 127, 96]
[126, 0, 104, 124, 96, 136, 140, 108, 0, 147, 149, 126, 0, 130, 116, 130, 145, 0, 0, 99, 0, 136, 101, 105]
[115, 0, 103, 0, 99, 130, 0, 120, 104, 0, 0, 0, 116, 145, 105, 101, 137, 102, 140, 117, 124, 93, 96, 122]
[101, 100, 0, 0, 0, 0, 118, 114, 104, 93, 134, 108, 120, 147, 108, 0, 94, 0, 0, 100, 96, 0, 0, 0]
[0, 127, 148, 0, 0, 0, 100, 90, 100, 0, 0, 0, 91, 106, 131, 144, 137, 122, 141, 111, 136, 102, 149, 129]
0
0
[0, 0, 0, 146, 146, 114, 146, 0, 106, 114, 126, 0, 123, 126, 111, 126, 135, 103, 90, 141, 109, 118, 0, 134]
0
[0, 0, 0, 93, 105, 146, 128, 98, 126, 110, 96, 128, 136, 94, 0, 133, 92, 103, 125, 139, 107, 0, 0, 0]
0
[0, 0, 132, 0, 0, 0, 143, 139, 102, 0, 121, 0, 126, 113, 95, 0, 0, 0, 137, 99, 0, 91, 107, 128]
[130, 93, 114, 103, 0, 109, 149, 0, 129, 0, 146, 95, 0, 107, 0, 130, 116, 0, 131, 100, 138, 101, 0, 0]
[0, 0, 0, 140, 90, 0, 0, 0, 0, 133, 94, 107, 113, 147, 140, 147, 107, 0, 115, 101, 105, 96, 143, 0]
[146, 122, 100, 0, 0, 0, 118, 114, 91, 120, 147, 0, 97, 94, 123, 0, 135, 133, 120, 0, 104, 141, 0, 134]
0
0
0
0
0
0
0
0
0
[90, 111, 0, 124, 0, 106, 0, 0, 0, 108, 0, 90, 120, 126, 112, 147, 104, 112, 0, 0, 0, 118, 139, 0]
[93, 135, 112, 0, 0, 0, 0, 123, 131, 0, 106, 111, 147, 91, 91, 0, 139, 115, 0, 0, 0, 126, 0, 101]
0
[111, 148, 0, 140, 102, 118, 121, 0, 134, 122, 104, 0, 99, 97, 0, 0, 0, 0, 142, 0, 119, 0, 0, 109]
[0, 0, 128, 105, 102, 0, 128, 108, 122, 109, 132, 0, 134, 103, 0, 0, 135, 147, 139, 135, 112, 134, 0, 128]
[100, 125, 149, 115, 0, 135, 98, 114, 0, 129, 138, 139, 126, 94, 103, 143, 146, 128, 0, 0, 0, 149, 120, 95]
0
[138, 0, 108, 118, 0, 90, 107, 143, 143, 142, 0, 132, 127, 105, 143, 149, 93, 93, 0, 141, 94, 0, 0, 0]
0
[0, 133, 104, 0, 121, 134, 123, 139, 128, 0, 0, 0, 0, 116, 0, 127, 147, 97, 97, 138, 110, 115, 90, 142]
0
[109, 113, 110, 101, 0, 101, 0, 0, 0, 115, 126, 102, 95, 135, 0, 0, 0, 0, 98, 0, 122, 0, 118, 107]
[0, 145, 0, 136, 104, 124, 93, 128, 99, 90, 148, 113, 128, 0, 105, 129, 115, 121, 112, 99, 128, 95, 93, 131]
[97, 0, 103, 115, 120, 110, 91, 148, 133, 0, 110, 108, 141, 135, 118, 130, 0, 0, 141, 122, 115, 137, 117, 144]
0
[99, 94, 132, 143, 90, 92, 137, 116, 147, 0, 147, 138, 142, 94, 137, 139, 0, 115, 97, 108, 0, 0, 0, 0]
[135, 101, 97, 107, 0, 134, 133, 145, 133, 0, 0, 0, 134, 0, 146, 97, 100, 106, 0, 136, 112, 147, 105, 131]
0
[111, 124, 0, 143, 131, 134, 133, 90, 103, 145, 117, 142, 144, 122, 106, 109, 137, 118, 0, 0, 0, 125, 113, 0]
0
0
0
[0, 0, 0, 110, 147, 91, 114, 107, 145, 130, 142, 101, 103, 90, 112, 121, 107, 129, 94, 130, 127, 92, 98, 0]
0
0
0
0
0
0
0
0
0
0
[121, 96, 116, 109, 98, 118, 0, 0, 0, 145, 132, 110, 0, 0, 0, 115, 102, 105, 0, 117, 139, 95, 142, 0]
0
0
[129, 0, 122, 140, 138, 145, 0, 0, 0, 113, 122, 113, 138, 103, 109, 119, 91, 94, 109, 123, 110, 99, 0, 123]
[112, 0, 126, 97, 136, 0, 93, 129, 92, 0, 0, 121, 93, 123, 126, 0, 99, 0, 0, 0, 0, 111, 94, 112]
[149, 0, 0, 0, 0, 0, 108, 108, 134, 135, 122, 0, 119, 146, 105, 126, 149, 120, 129, 91, 131, 142, 116, 114]
[134, 129, 123, 137, 91, 136, 0, 95, 109, 0, 143, 130, 149, 106, 102, 116, 126, 0, 113, 0, 131, 120, 0, 102]
[139, 135, 128, 96, 112, 0, 0, 116, 139, 0, 0, 142, 0, 0, 0, 0, 0, 0, 0, 0, 0, 0, 0, 104]
[0, 98, 103, 93, 118, 143, 131, 0, 0, 148, 126, 105, 91, 138, 113, 124, 92, 124, 117, 94, 109, 117, 0, 90]
0
[142, 0, 110, 118, 94, 124, 118, 112, 97, 140, 0, 107, 0, 102, 0, 0, 108, 138, 105, 143, 0, 108, 0, 106]
[106, 90, 127, 122, 110, 105, 100, 123, 133, 98, 0, 91, 107, 113, 91, 138, 111, 0, 118, 97, 0, 147, 92, 0]
[0, 110, 130, 132, 121, 113, 142, 136, 90, 92, 119, 132, 103, 104, 131, 140, 118, 0, 0, 107, 0, 96, 99, 96]
[122, 132, 90, 127, 97, 111, 0, 141, 0, 135, 105, 107, 93, 107, 0, 120, 128, 0, 145, 127, 0, 0, 0, 107]
[130, 143, 95, 118, 119, 149, 137, 96, 0, 145, 142, 138, 0, 0, 0, 0, 0, 0, 106, 145, 0, 144, 115, 101]
[0, 114, 131, 115, 92, 102, 142, 126, 128, 132, 101, 0, 135, 0, 92, 118, 135, 124, 130, 0, 0, 105, 0, 143]
[109, 129, 121, 0, 117, 139, 92, 0, 124, 90, 97, 99, 119, 0, 129, 122, 105, 92, 111, 93, 124, 113, 90, 132]
[0, 0, 129, 121, 137, 143, 0, 0, 0, 147, 97, 0, 117, 0, 130, 0, 94, 0, 135, 93, 109, 123, 0, 149]
0
0
[138, 144, 134, 109, 100, 95, 137, 96, 121, 92, 107, 128, 111, 93, 127, 141, 149, 146, 125, 145, 109, 132, 120, 142]
[127, 0, 137, 149, 120, 0, 0, 145, 0, 99, 93, 105, 132, 140, 113, 0, 97, 134, 0, 123, 112, 110, 0, 118]
0
0
0
0
0
0
0
0
0
0
0
[147, 128, 134, 118, 126, 91, 129, 96, 113, 140, 123, 108, 110, 0, 131, 0, 0, 0, 0, 124, 0, 0, 0, 0]
[131, 113, 138, 99, 0, 102, 148, 133, 140, 90, 143, 132, 117, 141, 136, 0, 0, 0, 90, 0, 90, 0, 0, 0]
[0, 121, 0, 120, 110, 114, 140, 118, 132, 116, 142, 0, 103, 115, 0, 0, 0, 0, 113, 0, 125, 110, 136, 116]
[113, 144, 141, 126, 148, 0, 0, 0, 0, 0, 148, 122, 0, 0, 111, 141, 134, 127, 0, 109, 92, 0, 0, 0]
0
0
[132, 122, 126, 0, 123, 101, 109, 139, 0, 133, 103, 149, 96, 114, 125, 126, 130, 97, 131, 118, 145, 94, 106, 0]
[92, 120, 132, 136, 101, 143, 0, 0, 0, 137, 0, 111, 112, 122, 118, 0, 0, 95, 123, 146, 126, 0, 0, 0]
[0, 119, 109, 149, 116, 99, 0, 0, 0, 134, 116, 144, 101, 121, 143, 0, 0, 0, 98, 140, 122, 0, 139, 0]
[109, 103, 148, 0, 0, 0, 0, 0, 143, 134, 124, 0, 111, 125, 132, 105, 107, 115, 0, 0, 0, 145, 138, 0]
[122, 0, 130, 120, 105, 101, 0, 120, 127, 129, 116, 127, 111, 96, 0, 0, 103, 112, 148, 104, 127, 144, 129, 144]
[117, 148, 127, 104, 94, 122, 0, 0, 0, 141, 95, 126, 0, 147, 140, 100, 135, 121, 123, 95, 0, 91, 0, 90]
[102, 96, 140, 0, 0, 0, 101, 104, 97, 148, 125, 0, 107, 93, 0, 130, 90, 111, 102, 142, 95, 121, 112, 99]
[0, 0, 0, 140, 122, 133, 102, 0, 0, 119, 147, 132, 94, 0, 112, 111, 135, 0, 0, 0, 0, 149, 90, 103]
[92, 0, 93, 148, 0, 0, 0, 146, 104, 140, 101, 104, 146, 107, 118, 97, 101, 121, 110, 0, 0, 109, 0, 0]
[114, 137, 146, 138, 124, 93, 90, 131, 121, 0, 0, 0, 124, 133, 102, 104, 133, 137, 0, 122, 104, 108, 114, 94]
[139, 139, 104, 138, 118, 113, 0, 94, 90, 0, 0, 119, 0, 115, 95, 94, 121, 119, 131, 110, 123, 124, 103, 144]
0
[131, 146, 0, 109, 126, 110, 0, 112, 94, 100, 102, 137, 126, 0, 125, 0, 94, 128, 130, 0, 125, 126, 109, 124]
0
[0, 0, 0, 149, 132, 122, 0, 0, 108, 144, 103, 145, 107, 109, 0, 127, 145, 97, 119, 107, 135, 121, 93, 135]
0
0
0
0
0
0
0
0
0
0
0
0
[102, 127, 146, 0, 92, 0, 0, 144, 0, 140, 0, 121, 0, 0, 104, 96, 108, 105, 0, 0, 0, 115, 146, 0]
[113, 129, 137, 129, 0, 132, 107, 136, 108, 0, 0, 0, 120, 140, 125, 144, 0, 132, 99, 91, 120, 0, 136, 140]
[103, 104, 0, 0, 102, 96, 0, 138, 138, 113, 144, 129, 108, 146, 91, 101, 120, 130, 129, 0, 122, 107, 140, 140]
[0, 113, 101, 114, 145, 132, 127, 128, 104, 109, 118, 0, 95, 0, 144, 130, 0, 144, 0, 0, 100, 113, 93, 143]
0
[0, 111, 0, 111, 122, 0, 94, 90, 101, 112, 0, 149, 132, 140, 111, 0, 0, 0, 119, 96, 137, 140, 141, 146]
[106, 124, 148, 135, 149, 92, 115, 106, 110, 104, 110, 124, 0, 140, 142, 0, 0, 0, 132, 131, 109, 104, 0, 117]
[117, 0, 0, 123, 95, 141, 146, 0, 105, 124, 134, 113, 97, 0, 113, 123, 99, 124, 0, 0, 0, 149, 115, 105]
[127, 97, 107, 0, 127, 109, 114, 118, 102, 109, 119, 110, 108, 0, 110, 0, 0, 0, 148, 138, 122, 93, 0, 0]
[101, 142, 137, 108, 144, 120, 93, 0, 134, 94, 94, 0, 0, 0, 0, 140, 91, 96, 98, 127, 142, 116, 105, 137]
0
[0, 0, 96, 138, 97, 0, 0, 112, 125, 0, 0, 94, 0, 117, 0, 0, 0, 0, 113, 118, 109, 128, 131, 143]
[0, 0, 0, 119, 110, 110, 140, 0, 143, 112, 0, 103, 111, 0, 103, 145, 0, 120, 135, 0, 115, 97, 100, 144]
[116, 110, 96, 105, 116, 94, 0, 121, 145, 0, 122, 148, 105, 113, 146, 129, 140, 90, 126, 131, 0, 148, 125, 0]
[0, 0, 0, 0, 0, 0, 91, 0, 131, 118, 115, 148, 119, 92, 125, 119, 121, 145, 126, 92, 146, 0, 96, 116]
[120, 127, 127, 0, 138, 129, 113, 0, 90, 0, 114, 149, 0, 137, 0, 136, 144, 116, 0, 0, 0, 140, 143, 104]
[111, 118, 93, 91, 97, 0, 0, 133, 0, 127, 120, 135, 0, 0, 0, 94, 128, 99, 126, 0, 119, 141, 0, 145]
[143, 107, 114, 145, 0, 127, 98, 0, 0, 106, 0, 103, 111, 136, 105, 145, 0, 91, 118, 118, 95, 0, 0, 0]
[128, 141, 106, 145, 0, 144, 139, 130, 112, 0, 146, 141, 113, 95, 128, 131, 125, 98, 99, 125, 0, 0, 90, 104]
0
