[0, [159, 130, 83], [431, 434, 266], 0, [984, 926, 598], [987, 1165, 941], 0, [690, 809, 690], 0, [2234, 1961, 1723], [1353, 1609, 1419], 0, [1275, 1394, 1121], [1647, 1501, 1058], 0, 0, [3879, 3177, 2699], [3412, 2862, 2020], [4223, 3559, 2862], 0, 0, 0, 0, 0, 0, 0, 0, 0, 0, 0, 0, 0]
[[159, 130, 83], 0, [237, 186, 165], 0, [364, 346, 255], [753, 630, 502], 0, [761, 766, 671], 0, 0, [1146, 1210, 869], [1340, 1217, 832], [1918, 1826, 1272], 0, [3488, 2934, 2386], [4331, 3388, 2317], 0, [2439, 2219, 1427], [2918, 2681, 2365], [3166, 3602, 2967], [3408, 2818, 2123], 0, 0, 0, 0, 0, 0, 0, 0, 0, 0, 0]
[[431, 434, 266], [237, 186, 165], 0, [230, 257, 198], [353, 298, 234], [475, 531, 364], [982, 896, 552], [614, 679, 490], [1430, 1340, 1128], [1630, 1602, 1118], 0, [2049, 2163, 1330], 0, [2146, 2092, 1565], [1738, 1530, 1173], [1682, 1915, 1587], 0, [4540, 3914, 2616], [3691, 3349, 2446], [2916, 2338, 1511], 0, [4694, 4339, 3534], 0, 0, 0, 0, 0, 0, 0, 0, 0, 0]
[0, 0, [230, 257, 198], 0, [286, 255, 171], [483, 418, 319], [392, 344, 256], [809, 818, 649], [774, 759, 676], [879, 748, 596], [1480, 1218, 798], [1797, 1864, 1621], 0, [1566, 1496, 1202], [2515, 1977, 1622], [2637, 2049, 1279], 0, [3327, 3467, 2402], [3054, 2578, 2109], [1856, 1918, 1443], 0, [2799, 2400, 1625], [4582, 4032, 2973], 0, 0, 0, 0, 0, 0, 0, 0, 0]
[[984, 926, 598], [364, 346, 255], [353, 298, 234], [286, 255, 171], 0, [177, 156, 113], [308, 359, 252], [733, 595, 524], [865, 675, 577], 0, 0, [1221, 1406, 863], [1724, 1786, 1264], 0, [3336, 2624, 1743], [1827, 1511, 1123], [1371, 1419, 1128], [4037, 3331, 2812], 0, [3913, 3778, 2606], [2133, 1845, 1357], 0, [3386, 2644, 2306], 0, 0, 0, 0, 0, 0, 0, 0, 0]
[[987, 1165, 941], [753, 630, 502], [475, 531, 364], [483, 418, 319], [177, 156, 113], 0, [239, 260, 225], 0, 0, [571, 509, 365], 0, [1051, 1283, 1011], [1375, 1311, 886], [1574, 1862, 1225], [1345, 1270, 852], [1600, 1267, 1123], [1445, 1638, 992], 0, [3538, 3367, 2048], 0, 0, [2881, 2218, 1836], 0, 0, 0, 0, 0, 0, 0, 0, 0, 0]
[0, 0, [982, 896, 552], [392, 344, 256], [308, 359, 252], [239, 260, 225], 0, [198, 198, 122], [240, 263, 210], [880, 691, 468], [968, 766, 475], 0, [1957, 1518, 1176], [836, 917, 564], [1931, 1940, 1612], [1107, 1158, 1034], 0, [1668, 1390, 931], [2389, 2980, 2295], [3354, 3308, 2192], 0, [2984, 3168, 2432], 0, [3000, 2313, 1638], 0, [2705, 2798, 2012], 0, 0, 0, 0, 0, 0]
[[690, 809, 690], [761, 766, 671], [614, 679, 490], [809, 818, 649], [733, 595, 524], 0, [198, 198, 122], 0, [146, 146, 125], [308, 365, 321], 0, [754, 629, 525], [889, 969, 646], [915, 1099, 934], [1467, 1289, 792], [1246, 1013, 738], 0, [2714, 2624, 1591], [2924, 2766, 2090], [1461, 1520, 969], [3288, 3081, 2558], [2963, 3129, 2633], 0, 0, [5469, 4347, 3834], [2314, 2863, 2245], 0, 0, 0, 0, 0, 0]
[0, 0, [1430, 1340, 1128], [774, 759, 676], [865, 675, 577], 0, [240, 263, 210], [146, 146, 125], 0, [154, 166, 118], 0, 0, [1114, 993, 665], 0, [1646, 1377, 912], [1006, 901, 568], [1879, 1646, 1016], 0, 0, [2838, 2593, 1666], [1886, 1833, 1283], [1811, 1583, 1077], [4518, 3635, 2787], [3455, 2664, 2204], [4404, 3947, 3306], [3025, 2384, 1748], [3324, 3885, 2535], [5470, 4303, 3615], 0, 0, 0, 0]
[[2234, 1961, 1723], 0, [1630, 1602, 1118], [879, 748, 596], 0, [571, 509, 365], [880, 691, 468], [308, 365, 321], [154, 166, 118], 0, [323, 259, 158], [242, 247, 155], 0, [667, 798, 604], [686, 795, 483], [1098, 986, 854], [2067, 1645, 1404], 0, [2200, 1743, 1502], [2272, 1819, 1135], [2593, 2150, 1520], [1548, 1370, 929], [2094, 2041, 1748], 0, [3232, 2572, 1715], [4578, 3766, 3076], [2952, 2552, 1679], [3560, 3779, 3308], [3482, 2902, 2559], 0, 0, 0]
[[1353, 1609, 1419], [1146, 1210, 869], 0, [1480, 1218, 798], 0, 0, [968, 766, 475], 0, 0, [323, 259, 158], 0, 0, [406, 479, 346], [659, 585, 351], [1227, 1016, 903], [1186, 1232, 792], [906, 890, 583], [1522, 1257, 763], [1476, 1564, 1228], [2155, 2264, 1366], [1334, 1151, 934], [2809, 2728, 2236], [2830, 2559, 1838], [2261, 2289, 1765], [2948, 2802, 2425], 0, [2987, 3509, 2121], [4145, 4222, 3751], [2485, 2948, 2103], [3948, 4874, 3816], 0, 0]
[0, [1340, 1217, 832], [2049, 2163, 1330], [1797, 1864, 1621], [1221, 1406, 863], [1051, 1283, 1011], 0, [754, 629, 525], 0, [242, 247, 155], 0, 0, 0, [400, 405, 245], [581, 678, 491], 0, [613, 598, 362], [1772, 1455, 896], [1992, 1536, 957], [1006, 1040, 866], [2016, 2177, 1876], [2063, 2037, 1525], [3300, 2805, 2516], 0, [1514, 1865, 1368], [3737, 2889, 1934], 0, [3374, 3658, 2232], 0, 0, [2507, 2965, 1943], 0]
[[1275, 1394, 1121], [1918, 1826, 1272], 0, 0, [1724, 1786, 1264], [1375, 1311, 886], [1957, 1518, 1176], [889, 969, 646], [1114, 993, 665], 0, [406, 479, 346], 0, 0, [298, 248, 169], [302, 305, 264], 0, [971, 778, 498], [538, 620, 532], [1772, 1504, 1112], [1499, 1454, 1260], 0, [2270, 1940, 1513], [2489, 1965, 1283], [1763, 1545, 997], [1793, 1999, 1310], [2343, 2896, 2214], 0, [3399, 3474, 3113], [3353, 3436, 2583], 0, [3952, 4161, 2896], [3272, 3144, 1933]]
[[1647, 1501, 1058], 0, [2146, 2092, 1565], [1566, 1496, 1202], 0, [1574, 1862, 1225], [836, 917, 564], [915, 1099, 934], 0, [667, 798, 604], [659, 585, 351], [400, 405, 245], [298, 248, 169], 0, 0, 0, 0, [967, 868, 781], 0, [1436, 1301, 1164], 0, 0, 0, [1253, 1193, 874], 0, [2175, 1961, 1555], [2248, 2388, 1971], [4143, 3296, 2148], [3783, 3296, 2698], [2212, 2137, 1426], [3583, 2945, 2291], [5225, 4548, 2957]]
[0, [3488, 2934, 2386], [1738, 1530, 1173], [2515, 1977, 1622], [3336, 2624, 1743], [1345, 1270, 852], [1931, 1940, 1612], [1467, 1289, 792], [1646, 1377, 912], [686, 795, 483], [1227, 1016, 903], [581, 678, 491], [302, 305, 264], 0, 0, [263, 233, 192], [552, 469, 294], [629, 514, 420], [492, 561, 477], [574, 711, 624], 0, 0, [1218, 940, 658], [1536, 1694, 1386], [2262, 2092, 1668], [1848, 1580, 1186], [1785, 1578, 1377], [2571, 3180, 2415], [2352, 2002, 1611], [3583, 3845, 3141], [2218, 2405, 2135], [2642, 2846, 1937]]
[0, [4331, 3388, 2317], [1682, 1915, 1587], [2637, 2049, 1279], [1827, 1511, 1123], [1600, 1267, 1123], [1107, 1158, 1034], [1246, 1013, 738], [1006, 901, 568], [1098, 986, 854], [1186, 1232, 792], 0, 0, 0, [263, 233, 192], 0, [141, 118, 99], [277, 307, 206], [651, 600, 451], [463, 472, 288], [1205, 1306, 801], [960, 887, 618], [1368, 1241, 1022], [2500, 1968, 1598], [1651, 1684, 1056], 0, 0, [1248, 1384, 1164], 0, [2976, 2994, 1999], 0, [2712, 2585, 1626]]
[[3879, 3177, 2699], 0, 0, 0, [1371, 1419, 1128], [1445, 1638, 992], 0, 0, [1879, 1646, 1016], [2067, 1645, 1404], [906, 890, 583], [613, 598, 362], [971, 778, 498], 0, [552, 469, 294], [141, 118, 99], 0, [193, 155, 97], [463, 410, 294], 0, [740, 843, 640], [662, 741, 524], [1418, 1280, 1081], [1325, 1250, 941], [2486, 1986, 1275], [1948, 2265, 1653], [3043, 2416, 1780], [3105, 2626, 2209], [3178, 2804, 1856], [1704, 1524, 1279], 0, 0]
[[3412, 2862, 2020], [2439, 2219, 1427], [4540, 3914, 2616], [3327, 3467, 2402], [4037, 3331, 2812], 0, [1668, 1390, 931], [2714, 2624, 1591], 0, 0, [1522, 1257, 763], [1772, 1455, 896], [538, 620, 532], [967, 868, 781], [629, 514, 420], [277, 307, 206], [193, 155, 97], 0, [197, 241, 170], [348, 426, 345], [709, 621, 406], [826, 1011, 623], [1065, 1122, 707], 0, 0, [1475, 1247, 821], [1341, 1265, 1021], [2497, 1979, 1689], 0, [2302, 2599, 2143], [1754, 2014, 1779], [3694, 3091, 1874]]
[[4223, 3559, 2862], [2918, 2681, 2365], [3691, 3349, 2446], [3054, 2578, 2109], 0, [3538, 3367, 2048], [2389, 2980, 2295], [2924, 2766, 2090], 0, [2200, 1743, 1502], [1476, 1564, 1228], [1992, 1536, 957], [1772, 1504, 1112], 0, [492, 561, 477], [651, 600, 451], [463, 410, 294], [197, 241, 170], 0, [136, 151, 111], [457, 409, 283], 0, 0, 0, 0, 0, [907, 1134, 830], [1386, 1643, 1015], [2268, 2424, 2088], [2754, 2122, 1440], [2863, 2824, 2038], [2101, 2103, 1356]]
[0, [3166, 3602, 2967], [2916, 2338, 1511], [1856, 1918, 1443], [3913, 3778, 2606], 0, [3354, 3308, 2192], [1461, 1520, 969], [2838, 2593, 1666], [2272, 1819, 1135], [2155, 2264, 1366], [1006, 1040, 866], [1499, 1454, 1260], [1436, 1301, 1164], [574, 711, 624], [463, 472, 288], 0, [348, 426, 345], [136, 151, 111], 0, 0, [275, 268, 209], [691, 620, 454], [403, 478, 348], [462, 572, 480], 0, 0, [1024, 1080, 878], 0, 0, [1343, 1619, 998], [2051, 2382, 2081]]
[0, [3408, 2818, 2123], 0, 0, [2133, 1845, 1357], 0, 0, [3288, 3081, 2558], [1886, 1833, 1283], [2593, 2150, 1520], [1334, 1151, 934], [2016, 2177, 1876], 0, 0, 0, [1205, 1306, 801], [740, 843, 640], [709, 621, 406], [457, 409, 283], 0, 0, [121, 139, 89], [511, 488, 400], [463, 531, 456], [1120, 873, 693], 0, [1112, 902, 590], [1599, 1328, 1003], [1432, 1237, 902], [2630, 2097, 1819], [1434, 1365, 911], [1636, 1729, 1168]]
[0, 0, [4694, 4339, 3534], [2799, 2400, 1625], 0, [2881, 2218, 1836], [2984, 3168, 2432], [2963, 3129, 2633], [1811, 1583, 1077], [1548, 1370, 929], [2809, 2728, 2236], [2063, 2037, 1525], [2270, 1940, 1513], 0, 0, [960, 887, 618], [662, 741, 524], [826, 1011, 623], 0, [275, 268, 209], [121, 139, 89], 0, 0, [252, 267, 220], 0, [528, 450, 342], [874, 961, 592], [663, 777, 519], [722, 875, 771], [1071, 1125, 888], [1425, 1315, 827], [2317, 2368, 1997]]
[0, 0, 0, [4582, 4032, 2973], [3386, 2644, 2306], 0, 0, 0, [4518, 3635, 2787], [2094, 2041, 1748], [2830, 2559, 1838], [3300, 2805, 2516], [2489, 1965, 1283], 0, [1218, 940, 658], [1368, 1241, 1022], [1418, 1280, 1081], [1065, 1122, 707], 0, [691, 620, 454], [511, 488, 400], 0, 0, [125, 149, 108], 0, [666, 702, 437], [874, 930, 635], 0, [1576, 1357, 1170], [1666, 1663, 1049], [1136, 1083, 732], 0]
[0, 0, 0, 0, 0, 0, [3000, 2313, 1638], 0, [3455, 2664, 2204], 0, [2261, 2289, 1765], 0, [1763, 1545, 997], [1253, 1193, 874], [1536, 1694, 1386], [2500, 1968, 1598], [1325, 1250, 941], 0, 0, [403, 478, 348], [463, 531, 456], [252, 267, 220], [125, 149, 108], 0, [257, 232, 194], [377, 348, 273], 0, 0, 0, [1531, 1257, 850], [917, 938, 580], [1285, 1140, 871]]
[0, 0, 0, 0, 0, 0, 0, [5469, 4347, 3834], [4404, 3947, 3306], [3232, 2572, 1715], [2948, 2802, 2425], [1514, 1865, 1368], [1793, 1999, 1310], 0, [2262, 2092, 1668], [1651, 1684, 1056], [2486, 1986, 1275], 0, 0, [462, 572, 480], [1120, 873, 693], 0, 0, [257, 232, 194], 0, [128, 153, 128], [392, 416, 275], [541, 557, 415], [943, 994, 655], [707, 662, 595], [1452, 1163, 827], [1316, 1567, 1332]]
[0, 0, 0, 0, 0, 0, [2705, 2798, 2012], [2314, 2863, 2245], [3025, 2384, 1748], [4578, 3766, 3076], 0, [3737, 2889, 1934], [2343, 2896, 2214], [2175, 1961, 1555], [1848, 1580, 1186], 0, [1948, 2265, 1653], [1475, 1247, 821], 0, 0, 0, [528, 450, 342], [666, 702, 437], [377, 348, 273], [128, 153, 128], 0, 0, 0, [704, 721, 580], [705, 550, 350], [788, 796, 519], [619, 719, 511]]
[0, 0, 0, 0, 0, 0, 0, 0, [3324, 3885, 2535], [2952, 2552, 1679], [2987, 3509, 2121], 0, 0, [2248, 2388, 1971], [1785, 1578, 1377], 0, [3043, 2416, 1780], [1341, 1265, 1021], [907, 1134, 830], 0, [1112, 902, 590], [874, 961, 592], [874, 930, 635], 0, [392, 416, 275], 0, 0, [212, 257, 228], 0, [583, 670, 531], [771, 829, 553], [837, 737, 649]]
[0, 0, 0, 0, 0, 0, 0, 0, [5470, 4303, 3615], [3560, 3779, 3308], [4145, 4222, 3751], [3374, 3658, 2232], [3399, 3474, 3113], [4143, 3296, 2148], [2571, 3180, 2415], [1248, 1384, 1164], [3105, 2626, 2209], [2497, 1979, 1689], [1386, 1643, 1015], [1024, 1080, 878], [1599, 1328, 1003], [663, 777, 519], 0, 0, [541, 557, 415], 0, [212, 257, 228], 0, [174, 164, 99], [437, 442, 290], [619, 531, 389], [543, 492, 357]]
[0, 0, 0, 0, 0, 0, 0, 0, 0, [3482, 2902, 2559], [2485, 2948, 2103], 0, [3353, 3436, 2583], [3783, 3296, 2698], [2352, 2002, 1611], 0, [3178, 2804, 1856], 0, [2268, 2424, 2088], 0, [1432, 1237, 902], [722, 875, 771], [1576, 1357, 1170], 0, [943, 994, 655], [704, 721, 580], 0, [174, 164, 99], 0, 0, 0, [547, 623, 404]]
[0, 0, 0, 0, 0, 0, 0, 0, 0, 0, [3948, 4874, 3816], 0, 0, [2212, 2137, 1426], [3583, 3845, 3141], [2976, 2994, 1999], [1704, 1524, 1279], [2302, 2599, 2143], [2754, 2122, 1440], 0, [2630, 2097, 1819], [1071, 1125, 888], [1666, 1663, 1049], [1531, 1257, 850], [707, 662, 595], [705, 550, 350], [583, 670, 531], [437, 442, 290], 0, 0, [147, 145, 116], [522, 404, 313]]
[0, 0, 0, 0, 0, 0, 0, 0, 0, 0, 0, [2507, 2965, 1943], [3952, 4161, 2896], [3583, 2945, 2291], [2218, 2405, 2135], 0, 0, [1754, 2014, 1779], [2863, 2824, 2038], [1343, 1619, 998], [1434, 1365, 911], [1425, 1315, 827], [1136, 1083, 732], [917, 938, 580], [1452, 1163, 827], [788, 796, 519], [771, 829, 553], [619, 531, 389], 0, [147, 145, 116], 0, [170, 196, 163]]
[0, 0, 0, 0, 0, 0, 0, 0, 0, 0, 0, 0, [3272, 3144, 1933], [5225, 4548, 2957], [2642, 2846, 1937], [2712, 2585, 1626], 0, [3694, 3091, 1874], [2101, 2103, 1356], [2051, 2382, 2081], [1636, 1729, 1168], [2317, 2368, 1997], 0, [1285, 1140, 871], [1316, 1567, 1332], [619, 719, 511], [837, 737, 649], [543, 492, 357], [547, 623, 404], [522, 404, 313], [170, 196, 163], 0]
