[0, [311, 253, 206], [484, 427, 315], [590, 704, 536], [1121, 1324, 1122], 0, [2061, 1659, 1184], 0, [3161, 2851, 2462], 0, [1330, 1639, 987], [2599, 2798, 2496], 0, 0, 0, 0, 0, 0, 0]
[[311, 253, 206], 0, [318, 285, 177], [587, 658, 395], [1131, 938, 813], [588, 694, 622], [1750, 1617, 1334], 0, [2982, 2377, 1478], [2202, 2077, 1533], [1998, 2458, 1858], [2084, 1743, 1245], [2821, 2686, 1680], 0, 0, 0, 0, 0, 0]
[[484, 427, 315], [318, 285, 177], 0, [325, 310, 201], [436, 501, 371], 0, [1616, 1348, 843], [1912, 1735, 1269], 0, [2292, 1865, 1183], [2754, 2831, 1743], [3718, 3162, 2104], [3656, 3671, 2837], [3771, 3696, 2275], 0, 0, 0, 0, 0]
[[590, 704, 536], [587, 658, 395], [325, 310, 201], 0, [175, 186, 145], [563, 486, 335], [672, 723, 497], [799, 800, 640], [1095, 1194, 804], [1433, 1766, 1549], 0, [1771, 1629, 1452], [2290, 2042, 1671], [3913, 3371, 2289], [2279, 1917, 1650], 0, 0, 0, 0]
[[1121, 1324, 1122], [1131, 938, 813], [436, 501, 371], [175, 186, 145], 0, 0, [480, 485, 384], 0, [1628, 1441, 928], [1118, 1137, 775], [1582, 1677, 1397], [1474, 1396, 1165], [2325, 2002, 1345], [2096, 1694, 1190], [2136, 2417, 1766], 0, 0, 0, 0]
[0, [588, 694, 622], 0, [563, 486, 335], 0, 0, [260, 258, 177], [386, 367, 267], [419, 474, 394], [1351, 1318, 988], [1232, 1188, 1024], 0, [1634, 1711, 1214], [2211, 1738, 1441], [3121, 2547, 2145], [3108, 3104, 2467], [3158, 3128, 2607], 0, 0]
[[2061, 1659, 1184], [1750, 1617, 1334], [1616, 1348, 843], [672, 723, 497], [480, 485, 384], [260, 258, 177], 0, [207, 160, 98], [857, 690, 602], [497, 529, 331], [1267, 1126, 947], [1328, 1506, 1025], [1247, 1339, 905], [1186, 1304, 1069], [2247, 2666, 1894], [2672, 2807, 1778], [2470, 2131, 1548], [3410, 3053, 1981], 0]
[0, 0, [1912, 1735, 1269], [799, 800, 640], 0, [386, 367, 267], [207, 160, 98], 0, [179, 217, 141], [886, 701, 557], [1062, 1066, 902], [766, 635, 448], [1047, 1170, 744], [2503, 2023, 1635], [1740, 1801, 1273], [1896, 2250, 1847], [1628, 1430, 902], [3870, 3147, 2206], [3923, 3469, 2258]]
[[3161, 2851, 2462], [2982, 2377, 1478], 0, [1095, 1194, 804], [1628, 1441, 928], [419, 474, 394], [857, 690, 602], [179, 217, 141], 0, [172, 208, 182], [528, 459, 304], [1301, 1075, 871], [720, 787, 674], [1351, 1638, 995], [1303, 1081, 702], [1556, 1221, 974], [3293, 2934, 1880], [2578, 3052, 2148], [2936, 2545, 1923]]
[0, [2202, 2077, 1533], [2292, 1865, 1183], [1433, 1766, 1549], [1118, 1137, 775], [1351, 1318, 988], [497, 529, 331], [886, 701, 557], [172, 208, 182], 0, [328, 308, 206], [535, 428, 351], 0, 0, [890, 1013, 751], [1603, 1621, 1339], [1885, 1659, 1327], [2710, 2844, 2522], 0]
[[1330, 1639, 987], [1998, 2458, 1858], [2754, 2831, 1743], 0, [1582, 1677, 1397], [1232, 1188, 1024], [1267, 1126, 947], [1062, 1066, 902], [528, 459, 304], [328, 308, 206], 0, [195, 196, 129], [459, 387, 294], [558, 567, 378], [1477, 1225, 756], [1367, 1177, 832], [1977, 1882, 1613], [2095, 1895, 1159], [3205, 2691, 1684]]
[[2599, 2798, 2496], [2084, 1743, 1245], [3718, 3162, 2104], [1771, 1629, 1452], [1474, 1396, 1165], 0, [1328, 1506, 1025], [766, 635, 448], [1301, 1075, 871], [535, 428, 351], [195, 196, 129], 0, [293, 354, 235], [559, 632, 480], [404, 486, 315], [1153, 1024, 698], [1220, 1321, 1017], [1260, 1074, 943], [1688, 1761, 1454]]
[0, [2821, 2686, 1680], [3656, 3671, 2837], [2290, 2042, 1671], [2325, 2002, 1345], [1634, 1711, 1214], [1247, 1339, 905], [1047, 1170, 744], [720, 787, 674], 0, [459, 387, 294], [293, 354, 235], 0, 0, [419, 512, 422], 0, [1630, 1285, 1130], [1397, 1655, 1062], 0]
[0, 0, [3771, 3696, 2275], [3913, 3371, 2289], [2096, 1694, 1190], [2211, 1738, 1441], [1186, 1304, 1069], [2503, 2023, 1635], [1351, 1638, 995], 0, [558, 567, 378], [559, 632, 480], 0, 0, [259, 301, 189], 0, [576, 660, 563], [1131, 1237, 929], [1198, 1274, 1071]]
[0, 0, 0, [2279, 1917, 1650], [2136, 2417, 1766], [3121, 2547, 2145], [2247, 2666, 1894], [1740, 1801, 1273], [1303, 1081, 702], [890, 1013, 751], [1477, 1225, 756], [404, 486, 315], [419, 512, 422], [259, 301, 189], 0, [247, 287, 197], [361, 392, 295], [1090, 883, 747], [1186, 1226, 736]]
[0, 0, 0, 0, 0, [3108, 3104, 2467], [2672, 2807, 1778], [1896, 2250, 1847], [1556, 1221, 974], [1603, 1621, 1339], [1367, 1177, 832], [1153, 1024, 698], 0, 0, [247, 287, 197], 0, [318, 312, 218], [293, 344, 272], [1004, 990, 685]]
[0, 0, 0, 0, 0, [3158, 3128, 2607], [2470, 2131, 1548], [1628, 1430, 902], [3293, 2934, 1880], [1885, 1659, 1327], [1977, 1882, 1613], [1220, 1321, 1017], [1630, 1285, 1130], [576, 660, 563], [361, 392, 295], [318, 312, 218], 0, [162, 176, 145], [626, 548, 435]]
[0, 0, 0, 0, 0, 0, [3410, 3053, 1981], [3870, 3147, 2206], [2578, 3052, 2148], [2710, 2844, 2522], [2095, 1895, 1159], [1260, 1074, 943], [1397, 1655, 1062], [1131, 1237, 929], [1090, 883, 747], [293, 344, 272], [162, 176, 145], 0, [172, 180, 150]]
[0, 0, 0, 0, 0, 0, 0, [3923, 3469, 2258], [2936, 2545, 1923], 0, [3205, 2691, 1684], [1688, 1761, 1454], 0, [1198, 1274, 1071], [1186, 1226, 736], [1004, 990, 685], [626, 548, 435], [172, 180, 150], 0]
