0
[139, 137, 105, 0, 0, 121, 146, 102, 120, 0, 0, 0, 123, 132, 91, 132, 94, 133, 119, 138, 96, 132, 123, 120]
[137, 107, 129, 0, 138, 112, 0, 144, 0, 126, 118, 113, 0, 148, 142, 0, 95, 107, 98, 0, 123, 147, 102, 147]
[123, 119, 127, 98, 129, 131, 146, 149, 101, 0, 132, 138, 0, 129, 123, 142, 99, 99, 108, 94, 0, 134, 144, 107]
[0, 116, 145, 0, 92, 0, 0, 0, 0, 129, 104, 0, 0, 108, 0, 0, 118, 124, 0, 143, 106, 0, 0, 0]
0
[0, 0, 0, 97, 0, 94, 144, 134, 126, 0, 139, 121, 0, 0, 0, 0, 0, 131, 138, 0, 0, 0, 102, 145]
0
[0, 0, 0, 0, 0, 0, 128, 100, 144, 139, 138, 132, 0, 139, 113, 147, 142, 90, 141, 136, 129, 134, 98, 99]
0
[149, 143, 144, 102, 0, 138, 0, 0, 0, 137, 0, 95, 139, 0, 0, 136, 128, 110, 0, 0, 103, 0, 0, 102]
[105, 143, 0, 92, 115, 90, 102, 115, 90, 109, 138, 112, 0, 113, 104, 99, 133, 119, 121, 107, 146, 0, 113, 106]
0
0
0
0
0
0
0
[97, 147, 146, 95, 131, 97, 93, 94, 137, 93, 143, 141, 0, 0, 0, 110, 144, 108, 108, 116, 129, 135, 114, 107]
0
[135, 118, 0, 145, 114, 102, 138, 132, 147, 0, 102, 143, 0, 118, 134, 120, 92, 98, 96, 0, 139, 0, 124, 90]
[90, 124, 142, 103, 120, 94, 0, 106, 99, 96, 118, 126, 109, 109, 120, 110, 142, 0, 102, 98, 136, 139, 110, 135]
[123, 0, 119, 115, 112, 99, 112, 111, 147, 138, 136, 105, 114, 117, 136, 0, 134, 105, 0, 116, 135, 0, 101, 0]
[146, 0, 106, 121, 117, 0, 134, 0, 0, 123, 125, 0, 97, 123, 104, 143, 0, 134, 126, 0, 129, 109, 119, 90]
[115, 96, 95, 109, 94, 100, 127, 105, 115, 112, 131, 144, 127, 138, 136, 124, 122, 116, 111, 0, 114, 0, 97, 138]
0
[0, 0, 0, 94, 148, 145, 144, 0, 113, 134, 139, 109, 0, 0, 0, 136, 115, 103, 117, 0, 117, 102, 129, 94]
[0, 0, 0, 143, 133, 110, 132, 97, 0, 92, 104, 139, 0, 148, 0, 131, 110, 108, 140, 106, 138, 136, 128, 100]
[0, 107, 91, 109, 106, 146, 0, 101, 98, 0, 0, 0, 149, 120, 98, 124, 132, 110, 0, 93, 109, 0, 133, 115]
[0, 0, 0, 0, 0, 146, 0, 126, 130, 99, 113, 0, 0, 122, 125, 101, 112, 0, 0, 128, 0, 137, 0, 147]
[106, 139, 96, 102, 92, 123, 0, 0, 0, 145, 0, 0, 102, 132, 113, 92, 125, 123, 138, 99, 135, 0, 121, 122]
0
0
0
0
0
0
[0, 0, 0, 121, 102, 120, 136, 127, 117, 0, 0, 0, 0, 0, 130, 130, 143, 0, 129, 133, 0, 98, 90, 98]
[124, 130, 125, 106, 0, 0, 0, 141, 148, 118, 114, 91, 0, 0, 0, 93, 91, 109, 130, 0, 94, 144, 143, 106]
0
[103, 149, 133, 99, 0, 0, 142, 121, 0, 139, 118, 0, 148, 106, 144, 109, 92, 0, 0, 0, 0, 0, 0, 0]
[98, 144, 0, 128, 111, 145, 0, 135, 132, 0, 0, 0, 120, 136, 110, 130, 131, 128, 103, 120, 132, 0, 91, 106]
0
[117, 136, 92, 117, 140, 132, 0, 0, 0, 0, 91, 134, 133, 0, 0, 0, 144, 134, 101, 110, 0, 142, 108, 140]
[107, 123, 91, 0, 0, 0, 141, 146, 0, 103, 0, 0, 135, 94, 0, 0, 129, 148, 0, 0, 0, 111, 0, 116]
0
[139, 0, 0, 145, 97, 112, 127, 126, 116, 92, 139, 122, 116, 112, 101, 116, 144, 0, 106, 126, 144, 0, 107, 139]
[0, 95, 0, 148, 120, 0, 121, 0, 0, 96, 95, 97, 0, 0, 0, 0, 0, 0, 92, 113, 138, 111, 149, 148]
[0, 0, 0, 98, 130, 93, 98, 97, 98, 114, 0, 105, 0, 118, 125, 113, 146, 91, 120, 144, 94, 0, 90, 103]
[0, 0, 0, 124, 123, 0, 97, 116, 104, 141, 121, 0, 0, 0, 0, 105, 94, 136, 0, 109, 119, 0, 128, 115]
[0, 135, 107, 0, 0, 109, 0, 101, 141, 98, 139, 92, 139, 103, 97, 125, 134, 100, 131, 130, 144, 95, 103, 98]
0
0
0
0
0
[0, 0, 129, 0, 0, 0, 145, 108, 126, 137, 122, 0, 103, 0, 143, 0, 146, 147, 0, 101, 145, 142, 111, 108]
[115, 112, 0, 117, 137, 101, 121, 120, 133, 120, 100, 122, 130, 0, 132, 0, 0, 0, 122, 109, 121, 0, 0, 0]
[0, 0, 0, 93, 119, 143, 109, 105, 135, 144, 128, 109, 100, 98, 103, 0, 135, 0, 123, 98, 108, 0, 147, 119]
0
[107, 112, 131, 0, 131, 102, 116, 129, 0, 144, 96, 133, 0, 0, 0, 0, 0, 0, 0, 118, 104, 113, 93, 114]
[103, 107, 92, 98, 147, 125, 0, 0, 0, 0, 120, 0, 146, 148, 142, 104, 91, 119, 134, 145, 121, 130, 106, 101]
[130, 120, 123, 103, 0, 133, 98, 98, 0, 94, 118, 95, 148, 0, 136, 92, 146, 128, 149, 142, 104, 0, 111, 133]
[119, 129, 131, 96, 0, 144, 116, 0, 115, 99, 100, 108, 99, 91, 121, 94, 137, 0, 147, 128, 110, 129, 114, 121]
[107, 105, 92, 110, 108, 110, 0, 0, 128, 0, 143, 142, 142, 95, 106, 0, 149, 99, 100, 147, 113, 113, 91, 139]
[122, 94, 146, 0, 105, 96, 135, 0, 141, 144, 104, 138, 0, 113, 108, 0, 0, 135, 136, 0, 0, 148, 123, 143]
0
[0, 93, 120, 144, 120, 137, 144, 96, 128, 0, 0, 0, 108, 122, 143, 0, 0, 0, 130, 0, 137, 115, 112, 118]
[138, 147, 146, 125, 114, 91, 139, 97, 0, 0, 111, 0, 142, 0, 0, 123, 144, 95, 95, 101, 143, 137, 124, 129]
[97, 126, 99, 108, 117, 134, 119, 106, 149, 132, 114, 0, 119, 92, 0, 109, 106, 0, 133, 130, 115, 101, 136, 132]
[94, 133, 144, 138, 147, 147, 135, 123, 138, 0, 0, 0, 93, 145, 145, 0, 0, 0, 0, 120, 138, 110, 0, 144]
0
0
0
0
[108, 96, 130, 140, 142, 107, 0, 0, 0, 0, 0, 0, 149, 108, 113, 130, 107, 0, 132, 96, 95, 103, 112, 92]
[108, 125, 91, 110, 0, 99, 0, 0, 0, 131, 145, 142, 134, 0, 104, 136, 0, 132, 140, 100, 147, 111, 0, 115]
[0, 143, 141, 110, 138, 111, 134, 90, 101, 147, 107, 98, 106, 115, 124, 132, 147, 105, 102, 119, 0, 127, 0, 136]
[95, 117, 97, 0, 141, 109, 134, 93, 128, 111, 132, 111, 115, 92, 113, 122, 0, 0, 118, 122, 125, 105, 0, 120]
0
0
[134, 94, 122, 0, 0, 0, 140, 144, 148, 118, 140, 115, 115, 143, 128, 0, 0, 0, 149, 98, 125, 0, 126, 128]
0
[121, 135, 130, 132, 125, 0, 104, 120, 121, 109, 139, 95, 0, 0, 0, 0, 99, 106, 146, 145, 130, 97, 126, 0]
[106, 131, 0, 100, 135, 116, 0, 0, 0, 134, 134, 120, 0, 125, 145, 143, 120, 95, 0, 91, 97, 128, 123, 133]
[132, 105, 107, 134, 127, 0, 0, 131, 0, 114, 146, 0, 136, 0, 101, 107, 143, 103, 127, 101, 110, 0, 0, 0]
[92, 0, 108, 127, 133, 132, 107, 130, 124, 0, 114, 108, 0, 145, 109, 122, 101, 137, 0, 122, 114, 0, 108, 115]
[127, 148, 98, 100, 123, 132, 149, 149, 96, 136, 119, 113, 124, 0, 117, 143, 0, 92, 0, 95, 125, 145, 116, 102]
[112, 0, 107, 145, 128, 143, 94, 90, 135, 0, 0, 0, 0, 99, 110, 98, 90, 123, 0, 101, 111, 131, 128, 96]
[114, 124, 109, 0, 0, 120, 123, 0, 0, 92, 121, 0, 134, 111, 134, 137, 111, 102, 135, 109, 0, 100, 121, 92]
0
0
0
0
0
[0, 97, 107, 0, 0, 114, 99, 90, 141, 133, 0, 112, 125, 127, 122, 0, 0, 0, 116, 0, 0, 130, 128, 91]
0
[101, 134, 121, 98, 0, 92, 102, 99, 122, 90, 0, 101, 114, 0, 122, 115, 120, 121, 0, 0, 0, 146, 0, 99]
0
0
[134, 0, 118, 147, 147, 109, 98, 95, 125, 124, 101, 94, 0, 147, 92, 136, 133, 0, 94, 125, 104, 114, 149, 127]
[0, 106, 101, 143, 0, 117, 90, 93, 97, 110, 103, 133, 96, 112, 139, 135, 0, 127, 145, 131, 148, 114, 118, 0]
[92, 0, 0, 0, 0, 0, 142, 135, 0, 0, 138, 0, 104, 141, 128, 0, 91, 108, 97, 0, 0, 0, 0, 0]
[119, 136, 116, 97, 0, 102, 108, 0, 139, 106, 125, 126, 91, 0, 132, 0, 100, 148, 118, 0, 119, 148, 119, 0]
[92, 118, 0, 136, 0, 139, 119, 0, 110, 142, 106, 115, 99, 106, 104, 0, 0, 0, 123, 111, 108, 112, 0, 110]
0
[110, 105, 0, 129, 96, 98, 115, 0, 91, 123, 123, 132, 125, 92, 99, 113, 137, 144, 107, 134, 0, 0, 127, 0]
[0, 112, 106, 104, 130, 0, 127, 0, 130, 117, 0, 122, 138, 112, 95, 0, 0, 0, 101, 147, 120, 128, 105, 140]
[137, 143, 119, 94, 93, 121, 133, 103, 104, 98, 96, 91, 136, 108, 0, 0, 110, 126, 120, 143, 0, 108, 130, 128]
[139, 99, 124, 0, 110, 96, 138, 0, 0, 94, 0, 98, 0, 0, 0, 143, 128, 94, 104, 115, 0, 0, 0, 0]
[96, 0, 149, 97, 110, 0, 0, 127, 130, 136, 0, 145, 122, 102, 101, 138, 128, 0, 0, 147, 133, 0, 0, 0]
0
0
[105, 0, 131, 134, 148, 0, 109, 90, 115, 126, 0, 115, 113, 97, 138, 0, 0, 0, 100, 106, 94, 105, 101, 112]
[126, 0, 127, 143, 121, 119, 117, 98, 145, 138, 111, 129, 0, 140, 108, 111, 122, 144, 90, 116, 0, 103, 0, 105]
[90, 115, 107, 134, 0, 117, 107, 144, 115, 0, 0, 0, 0, 96, 120, 94, 0, 130, 103, 137, 120, 98, 93, 95]
[0, 0, 0, 0, 0, 0, 112, 0, 140, 146, 0, 131, 132, 135, 98, 97, 0, 0, 136, 0, 131, 107, 129, 90]
[130, 90, 0, 132, 116, 130, 121, 109, 0, 98, 128, 0, 0, 119, 90, 0, 0, 0, 0, 0, 0, 123, 114, 99]
[0, 124, 147, 134, 106, 0, 93, 0, 143, 123, 0, 105, 109, 0, 0, 141, 105, 149, 0, 0, 0, 0, 0, 0]
0
[138, 107, 0, 137, 130, 0, 133, 130, 118, 0, 0, 99, 140, 92, 0, 0, 0, 0, 125, 128, 99, 0, 96, 0]
[112, 136, 99, 95, 0, 117, 137, 0, 0, 122, 145, 133, 146, 116, 91, 91, 119, 0, 0, 98, 0, 0, 0, 118]
[142, 146, 0, 0, 0, 108, 90, 96, 132, 116, 0, 133, 145, 0, 0, 145, 0, 101, 0, 0, 130, 115, 102, 117]
[0, 119, 144, 111, 129, 98, 139, 140, 95, 0, 0, 0, 130, 98, 100, 93, 107, 101, 0, 0, 0, 137, 139, 127]
[125, 130, 131, 111, 132, 144, 93, 145, 97, 133, 116, 0, 105, 110, 0, 132, 98, 111, 0, 0, 0, 100, 122, 123]
[0, 0, 0, 108, 126, 145, 147, 0, 141, 147, 127, 131, 98, 118, 100, 105, 113, 0, 131, 143, 125, 136, 113, 0]
[0, 105, 90, 104, 120, 0, 112, 0, 128, 126, 124, 0, 146, 147, 114, 105, 116, 142, 144, 139, 100, 0, 108, 0]
[0, 0, 93, 126, 124, 134, 0, 0, 0, 145, 111, 119, 143, 133, 135, 128, 141, 142, 106, 137, 92, 101, 0, 0]
[99, 120, 91, 123, 146, 122, 128, 124, 127, 110, 118, 126, 118, 130, 130, 0, 0, 0, 135, 137, 99, 126, 136, 0]
[118, 119, 145, 95, 136, 148, 128, 0, 0, 0, 102, 140, 104, 130, 0, 118, 135, 111, 113, 0, 0, 0, 0, 125]
[0, 97, 114, 115, 135, 0, 0, 118, 98, 112, 117, 120, 114, 125, 0, 131, 136, 125, 0, 0, 0, 133, 0, 121]
0
0
0
[0, 0, 0, 124, 92, 125, 104, 118, 134, 116, 128, 143, 0, 0, 123, 104, 0, 130, 120, 0, 126, 126, 110, 0]
[101, 129, 107, 120, 125, 0, 0, 0, 0, 0, 142, 119, 146, 0, 143, 90, 122, 124, 0, 91, 0, 107, 122, 144]
0
[93, 148, 111, 132, 99, 113, 102, 145, 110, 119, 96, 0, 0, 90, 133, 103, 145, 98, 121, 103, 126, 143, 129, 120]
[0, 0, 0, 0, 0, 134, 111, 144, 138, 107, 0, 125, 0, 0, 98, 95, 126, 0, 90, 103, 140, 109, 91, 111]
0
[128, 0, 0, 0, 130, 100, 135, 0, 147, 90, 0, 114, 109, 133, 136, 98, 117, 106, 135, 149, 114, 0, 0, 0]
[134, 147, 103, 126, 105, 119, 119, 0, 132, 111, 116, 0, 93, 0, 0, 139, 104, 137, 0, 93, 94, 110, 91, 92]
[122, 123, 110, 91, 0, 127, 0, 0, 0, 142, 0, 97, 129, 0, 142, 91, 118, 149, 142, 143, 127, 0, 0, 0]
[101, 99, 105, 109, 93, 130, 131, 0, 103, 0, 126, 0, 0, 92, 0, 123, 98, 101, 99, 129, 0, 114, 93, 126]
[0, 0, 0, 95, 135, 96, 0, 0, 0, 91, 0, 131, 124, 138, 0, 99, 0, 126, 127, 0, 103, 107, 0, 99]
[119, 96, 117, 143, 98, 0, 126, 123, 0, 128, 143, 108, 113, 148, 143, 117, 128, 147, 138, 0, 142, 124, 98, 0]
[114, 116, 140, 146, 92, 126, 141, 113, 123, 110, 0, 0, 128, 97, 115, 0, 123, 125, 141, 116, 0, 98, 111, 0]
[135, 0, 119, 95, 112, 105, 102, 119, 134, 119, 91, 97, 111, 111, 104, 99, 148, 122, 96, 134, 105, 0, 0, 0]
[113, 116, 146, 0, 148, 104, 110, 128, 122, 136, 118, 118, 100, 101, 122, 0, 93, 145, 0, 0, 0, 0, 0, 0]
[139, 149, 140, 131, 110, 102, 0, 0, 0, 97, 94, 0, 103, 103, 0, 108, 0, 0, 0, 147, 121, 0, 0, 0]
[0, 0, 0, 148, 147, 138, 0, 136, 137, 112, 106, 112, 0, 0, 0, 0, 132, 129, 108, 118, 135, 133, 149, 120]
[102, 139, 114, 126, 0, 0, 0, 130, 0, 124, 139, 135, 107, 147, 134, 127, 104, 146, 109, 92, 100, 0, 133, 101]
[90, 104, 141, 145, 0, 123, 0, 0, 0, 139, 103, 119, 137, 110, 102, 110, 0, 0, 112, 0, 130, 0, 129, 140]
0
[0, 0, 136, 94, 111, 105, 95, 112, 143, 105, 114, 105, 122, 0, 0, 140, 96, 139, 115, 0, 141, 103, 0, 105]
[113, 117, 139, 105, 119, 131, 0, 0, 0, 119, 144, 138, 124, 101, 0, 141, 114, 92, 94, 93, 119, 0, 132, 139]
[142, 109, 101, 108, 0, 139, 132, 103, 103, 124, 114, 140, 130, 113, 138, 0, 0, 0, 131, 135, 134, 0, 112, 91]
[0, 0, 0, 102, 114, 0, 101, 128, 0, 140, 116, 104, 94, 136, 144, 95, 0, 107, 108, 144, 125, 113, 137, 0]
[140, 107, 93, 0, 0, 0, 111, 94, 91, 0, 113, 136, 104, 121, 111, 0, 0, 0, 0, 126, 97, 0, 91, 140]
0
[145, 98, 105, 0, 145, 0, 0, 0, 0, 0, 117, 109, 149, 95, 128, 0, 0, 0, 119, 0, 128, 118, 90, 0]
[0, 114, 109, 90, 136, 140, 0, 0, 101, 122, 133, 0, 98, 96, 114, 143, 0, 144, 0, 102, 0, 111, 143, 0]
[0, 138, 90, 135, 94, 0, 0, 0, 0, 0, 0, 0, 115, 0, 0, 119, 0, 102, 0, 0, 98, 127, 93, 148]
[0, 100, 117, 117, 125, 131, 0, 112, 148, 135, 109, 115, 122, 0, 143, 144, 108, 137, 0, 122, 0, 0, 0, 0]
[141, 0, 136, 143, 131, 0, 141, 120, 124, 93, 96, 125, 124, 113, 113, 96, 111, 109, 138, 112, 116, 137, 140, 0]
[143, 0, 0, 105, 0, 0, 97, 0, 113, 0, 0, 0, 0, 0, 0, 139, 131, 121, 104, 112, 102, 118, 133, 111]
[139, 145, 105, 0, 0, 0, 107, 107, 144, 123, 95, 126, 147, 98, 90, 0, 131, 0, 143, 119, 131, 105, 0, 109]
[0, 149, 0, 95, 147, 139, 112, 0, 112, 95, 134, 0, 0, 137, 129, 102, 97, 0, 132, 135, 0, 127, 135, 99]
[110, 122, 143, 127, 101, 0, 93, 0, 144, 105, 126, 93, 109, 129, 0, 0, 97, 128, 0, 0, 0, 109, 129, 0]
[124, 123, 93, 102, 107, 106, 114, 0, 0, 101, 120, 111, 124, 130, 109, 117, 0, 125, 0, 116, 0, 105, 0, 0]
0
[149, 0, 147, 122, 0, 97, 0, 94, 93, 143, 121, 0, 109, 113, 0, 0, 126, 106, 0, 0, 0, 0, 0, 0]
[144, 0, 91, 147, 124, 138, 119, 0, 128, 113, 123, 142, 112, 0, 106, 0, 102, 101, 112, 128, 0, 141, 0, 95]
[92, 0, 92, 92, 130, 134, 139, 113, 109, 0, 0, 0, 0, 0, 0, 90, 97, 130, 138, 92, 0, 137, 135, 0]
[0, 147, 0, 120, 97, 0, 0, 134, 95, 0, 0, 0, 91, 0, 0, 0, 0, 0, 149, 142, 116, 149, 0, 116]
[138, 91, 102, 0, 0, 0, 142, 90, 98, 118, 0, 92, 108, 0, 136, 0, 114, 0, 145, 102, 110, 126, 107, 132]
[112, 117, 125, 0, 0, 0, 120, 98, 129, 96, 148, 0, 111, 127, 0, 0, 107, 134, 0, 126, 0, 0, 0, 0]
[108, 96, 118, 145, 0, 99, 138, 124, 131, 136, 106, 113, 130, 0, 135, 99, 113, 91, 130, 0, 0, 0, 132, 108]
[0, 149, 97, 0, 0, 0, 102, 107, 125, 106, 133, 119, 133, 103, 142, 106, 0, 108, 0, 139, 104, 0, 0, 137]
0
[126, 0, 0, 108, 104, 133, 0, 0, 0, 104, 134, 112, 101, 112, 106, 110, 143, 0, 130, 121, 130, 135, 138, 91]
[147, 90, 0, 0, 0, 100, 144, 0, 100, 0, 0, 0, 122, 123, 0, 124, 112, 135, 0, 136, 0, 97, 0, 122]
0
0
[0, 0, 129, 110, 94, 100, 97, 0, 98, 136, 140, 124, 110, 139, 141, 127, 115, 104, 138, 100, 108, 112, 0, 113]
[0, 114, 0, 146, 90, 127, 145, 90, 101, 106, 124, 109, 102, 119, 108, 118, 96, 111, 109, 135, 91, 139, 132, 97]
[130, 0, 0, 0, 98, 93, 110, 147, 100, 90, 109, 102, 0, 128, 143, 123, 0, 110, 102, 98, 0, 0, 107, 99]
[0, 94, 0, 0, 0, 0, 0, 117, 141, 0, 0, 0, 92, 135, 128, 0, 99, 100, 0, 134, 116, 0, 117, 130]
0
[133, 105, 124, 133, 0, 132, 123, 0, 0, 0, 0, 0, 123, 148, 90, 112, 117, 132, 0, 0, 0, 91, 136, 0]
[129, 127, 0, 114, 108, 108, 0, 117, 148, 133, 96, 106, 142, 123, 96, 98, 147, 113, 0, 147, 95, 127, 120, 101]
[139, 98, 101, 0, 133, 113, 0, 0, 0, 144, 104, 137, 147, 0, 94, 127, 123, 134, 124, 103, 0, 94, 0, 137]
0
[109, 110, 95, 120, 0, 106, 141, 113, 90, 123, 110, 140, 96, 111, 103, 94, 105, 144, 148, 124, 126, 147, 0, 92]
[143, 148, 145, 124, 0, 93, 102, 100, 114, 132, 111, 148, 90, 0, 0, 0, 103, 130, 134, 0, 136, 90, 99, 128]
[0, 111, 140, 136, 147, 0, 104, 94, 132, 114, 143, 0, 135, 126, 101, 0, 99, 104, 102, 116, 149, 0, 0, 0]
[93, 122, 0, 121, 0, 126, 106, 139, 101, 148, 149, 0, 132, 100, 136, 138, 0, 100, 140, 0, 139, 139, 104, 149]
[114, 127, 0, 110, 98, 0, 0, 134, 127, 141, 117, 91, 147, 109, 100, 0, 127, 103, 148, 100, 132, 0, 0, 0]
[138, 0, 91, 131, 123, 126, 126, 99, 112, 0, 130, 0, 98, 93, 137, 143, 135, 0, 0, 112, 117, 131, 146, 135]
0
[0, 0, 0, 99, 148, 94, 135, 93, 0, 104, 104, 122, 0, 138, 112, 0, 0, 0, 0, 114, 146, 138, 112, 92]
[145, 112, 98, 118, 105, 113, 132, 118, 0, 0, 0, 0, 100, 121, 92, 0, 92, 118, 0, 146, 0, 120, 101, 144]
[147, 0, 109, 135, 142, 130, 0, 104, 140, 120, 113, 135, 0, 96, 114, 127, 126, 0, 122, 118, 138, 0, 0, 0]
[100, 126, 134, 138, 120, 136, 0, 131, 124, 106, 117, 113, 112, 130, 0, 97, 130, 109, 0, 0, 0, 101, 117, 127]
[99, 105, 0, 0, 120, 94, 104, 0, 0, 0, 0, 0, 0, 0, 0, 145, 120, 102, 142, 0, 111, 96, 90, 100]
[0, 0, 0, 98, 134, 105, 92, 0, 0, 0, 101, 133, 129, 143, 0, 0, 112, 124, 92, 122, 95, 102, 144, 112]
[142, 91, 0, 0, 0, 0, 127, 132, 108, 0, 0, 0, 99, 143, 142, 92, 0, 145, 145, 95, 102, 147, 129, 93]
[138, 105, 149, 137, 109, 120, 135, 121, 0, 105, 91, 103, 112, 109, 147, 0, 127, 92, 0, 0, 0, 0, 132, 146]
[131, 128, 110, 148, 127, 136, 112, 115, 113, 0, 0, 0, 123, 93, 0, 104, 144, 0, 0, 108, 117, 90, 113, 135]
[120, 0, 135, 107, 141, 0, 113, 129, 145, 129, 105, 0, 94, 93, 116, 0, 0, 107, 131, 114, 134, 130, 133, 0]
[0, 0, 0, 92, 100, 115, 102, 97, 118, 140, 101, 145, 128, 115, 127, 0, 149, 139, 0, 0, 0, 99, 0, 116]
[139, 117, 0, 115, 121, 145, 0, 125, 124, 115, 141, 105, 147, 119, 0, 144, 98, 112, 132, 140, 0, 0, 0, 148]
[115, 0, 147, 118, 117, 0, 146, 147, 148, 148, 0, 147, 127, 119, 143, 0, 0, 0, 96, 145, 96, 0, 0, 0]
0
[104, 135, 126, 104, 127, 115, 96, 91, 115, 96, 134, 0, 147, 148, 103, 0, 0, 0, 119, 145, 106, 118, 0, 95]
[136, 137, 0, 103, 116, 109, 112, 147, 0, 0, 0, 0, 122, 135, 143, 108, 102, 149, 114, 0, 115, 105, 97, 0]
[121, 93, 0, 92, 139, 131, 115, 0, 99, 113, 118, 98, 146, 126, 102, 130, 90, 116, 0, 0, 0, 0, 115, 115]
[0, 0, 0, 99, 143, 104, 0, 142, 123, 100, 149, 130, 0, 0, 0, 115, 142, 0, 100, 112, 139, 112, 122, 104]
[105, 99, 0, 109, 119, 143, 141, 146, 93, 0, 144, 119, 114, 101, 131, 103, 123, 147, 0, 0, 0, 0, 0, 0]
0
[0, 0, 0, 92, 149, 0, 0, 0, 0, 135, 93, 0, 121, 143, 90, 129, 108, 109, 100, 99, 122, 108, 137, 113]
[149, 140, 118, 120, 125, 0, 120, 115, 97, 0, 0, 0, 114, 140, 97, 147, 0, 0, 125, 147, 123, 114, 0, 142]
[0, 0, 0, 121, 143, 129, 113, 0, 94, 96, 0, 148, 140, 0, 141, 0, 136, 0, 91, 125, 112, 100, 140, 104]
[117, 104, 149, 135, 109, 145, 0, 113, 145, 122, 90, 92, 142, 95, 142, 110, 126, 94, 134, 124, 140, 90, 115, 142]
[118, 132, 101, 137, 0, 100, 0, 0, 0, 98, 103, 0, 125, 124, 144, 129, 131, 149, 137, 0, 149, 125, 101, 125]
[124, 0, 93, 0, 130, 102, 0, 0, 0, 0, 0, 0, 125, 95, 0, 116, 139, 98, 93, 124, 0, 114, 100, 109]
[0, 0, 125, 93, 118, 135, 147, 133, 148, 104, 0, 0, 148, 147, 105, 121, 107, 107, 0, 0, 0, 127, 140, 106]
0
[0, 0, 0, 118, 128, 0, 107, 0, 97, 0, 0, 0, 0, 0, 97, 99, 109, 141, 136, 122, 120, 100, 0, 0]
[95, 0, 0, 90, 128, 116, 0, 0, 0, 118, 132, 97, 114, 139, 0, 138, 122, 128, 106, 113, 123, 0, 0, 0]
[114, 136, 126, 0, 128, 105, 111, 149, 106, 119, 91, 145, 133, 97, 136, 95, 0, 0, 0, 122, 131, 132, 0, 0]
[126, 114, 148, 98, 134, 131, 113, 101, 129, 0, 0, 0, 98, 98, 128, 114, 0, 116, 134, 148, 108, 0, 0, 0]
[143, 0, 112, 0, 92, 0, 148, 0, 125, 96, 0, 96, 123, 141, 90, 0, 0, 126, 97, 0, 148, 0, 128, 114]
[100, 99, 144, 0, 108, 0, 113, 102, 129, 105, 147, 0, 0, 0, 0, 115, 0, 146, 107, 0, 122, 0, 120, 108]
[127, 122, 93, 116, 101, 92, 134, 97, 148, 0, 0, 0, 96, 101, 104, 147, 148, 124, 0, 114, 137, 148, 93, 136]
[132, 106, 0, 104, 124, 104, 97, 112, 99, 142, 128, 118, 99, 0, 144, 111, 137, 113, 0, 139, 0, 124, 0, 121]
0
[138, 108, 117, 129, 131, 0, 0, 0, 0, 0, 0, 0, 94, 144, 109, 125, 140, 142, 91, 113, 90, 105, 104, 90]
[105, 116, 116, 0, 0, 0, 0, 0, 0, 117, 124, 92, 116, 93, 139, 134, 0, 134, 141, 0, 0, 108, 100, 127]
0
0
[114, 116, 133, 93, 99, 145, 113, 140, 114, 107, 126, 98, 129, 131, 110, 0, 104, 99, 0, 110, 143, 109, 119, 147]
0
[110, 0, 117, 129, 123, 108, 100, 93, 98, 131, 124, 97, 142, 109, 148, 130, 94, 0, 141, 101, 115, 131, 127, 100]
[123, 93, 0, 121, 100, 145, 0, 0, 0, 148, 98, 145, 0, 109, 104, 119, 128, 130, 0, 0, 0, 120, 116, 104]
0
0
0
[96, 131, 138, 93, 141, 92, 0, 142, 0, 128, 128, 99, 0, 0, 0, 0, 90, 130, 127, 107, 94, 95, 0, 143]
[0, 0, 0, 0, 0, 0, 0, 0, 0, 125, 0, 95, 106, 127, 140, 111, 92, 0, 0, 118, 113, 137, 0, 125]
[143, 139, 115, 109, 136, 0, 91, 124, 134, 99, 138, 141, 142, 91, 100, 103, 0, 0, 116, 125, 93, 0, 0, 0]
[125, 110, 131, 136, 148, 0, 99, 135, 137, 127, 107, 94, 108, 138, 0, 0, 118, 128, 0, 0, 0, 113, 0, 124]
[105, 102, 130, 128, 138, 116, 135, 136, 145, 142, 92, 105, 143, 0, 99, 0, 142, 113, 0, 109, 138, 94, 0, 0]
[143, 93, 130, 128, 100, 147, 0, 96, 140, 100, 93, 118, 0, 101, 134, 131, 127, 93, 112, 0, 0, 98, 147, 0]
[99, 105, 97, 143, 116, 113, 0, 0, 0, 93, 147, 94, 122, 146, 0, 122, 131, 0, 127, 149, 122, 129, 116, 0]
0
[0, 0, 0, 140, 91, 121, 103, 132, 112, 0, 0, 0, 127, 100, 139, 0, 0, 0, 0, 148, 0, 119, 139, 140]
[117, 113, 134, 141, 91, 107, 0, 139, 91, 104, 0, 120, 117, 0, 106, 136, 140, 0, 0, 0, 0, 0, 0, 0]
0
0
[115, 140, 116, 140, 0, 121, 126, 147, 111, 97, 95, 132, 0, 94, 140, 126, 111, 98, 146, 127, 105, 90, 0, 109]
0
[103, 0, 119, 138, 97, 99, 117, 0, 112, 90, 131, 0, 119, 115, 114, 104, 123, 118, 144, 115, 131, 113, 131, 132]
[0, 127, 97, 0, 0, 0, 110, 113, 128, 0, 0, 109, 117, 94, 111, 120, 91, 139, 137, 0, 100, 144, 132, 134]
[120, 90, 144, 115, 92, 145, 0, 0, 98, 99, 116, 113, 93, 0, 149, 91, 0, 145, 135, 0, 105, 0, 0, 0]
0
0
0
[137, 0, 114, 134, 115, 90, 0, 145, 115, 0, 0, 0, 125, 141, 106, 97, 113, 0, 0, 143, 0, 99, 140, 128]
[0, 90, 125, 0, 0, 138, 0, 148, 95, 146, 108, 115, 0, 127, 108, 117, 96, 117, 140, 97, 109, 125, 149, 0]
[128, 114, 106, 124, 115, 126, 0, 144, 127, 105, 0, 0, 124, 0, 0, 0, 99, 97, 110, 101, 121, 112, 104, 94]
[0, 0, 0, 104, 0, 137, 137, 139, 129, 108, 147, 143, 92, 96, 129, 100, 0, 101, 0, 0, 0, 0, 145, 0]
[96, 118, 118, 0, 134, 100, 0, 133, 140, 99, 96, 104, 136, 123, 114, 105, 98, 0, 101, 145, 144, 0, 0, 0]
[145, 105, 141, 0, 0, 90, 131, 101, 0, 0, 106, 137, 123, 126, 122, 130, 123, 111, 110, 149, 0, 149, 124, 119]
[135, 104, 126, 0, 108, 110, 135, 129, 122, 0, 128, 113, 125, 128, 112, 0, 0, 0, 114, 106, 147, 130, 119, 109]
[108, 0, 145, 143, 145, 145, 101, 0, 95, 114, 143, 96, 0, 0, 104, 112, 141, 108, 139, 135, 0, 142, 109, 148]
[137, 134, 90, 144, 149, 91, 112, 95, 144, 0, 0, 0, 91, 0, 125, 102, 134, 149, 140, 95, 99, 145, 134, 135]
[140, 91, 107, 142, 122, 111, 97, 95, 142, 127, 101, 112, 0, 0, 0, 133, 97, 108, 93, 101, 92, 0, 0, 101]
[125, 98, 0, 133, 130, 141, 0, 108, 125, 125, 120, 0, 149, 94, 145, 0, 142, 145, 112, 149, 0, 127, 149, 115]
0
[0, 93, 0, 147, 0, 0, 107, 145, 125, 0, 0, 124, 0, 0, 0, 0, 121, 90, 125, 114, 146, 108, 134, 140]
[137, 0, 112, 146, 118, 138, 148, 113, 94, 116, 96, 142, 128, 145, 91, 94, 103, 101, 94, 108, 98, 114, 116, 142]
[101, 116, 0, 93, 109, 141, 126, 112, 144, 0, 138, 128, 0, 0, 0, 147, 0, 116, 134, 130, 144, 118, 138, 119]
[125, 107, 120, 142, 103, 128, 117, 99, 100, 122, 134, 136, 0, 0, 139, 0, 0, 0, 0, 90, 113, 149, 0, 131]
0
0
0
0
0
[116, 99, 107, 124, 137, 0, 99, 0, 0, 0, 96, 92, 130, 137, 0, 0, 0, 0, 99, 90, 113, 120, 148, 143]
[0, 0, 0, 0, 0, 0, 125, 99, 93, 0, 145, 0, 130, 0, 0, 0, 144, 120, 0, 102, 126, 120, 123, 0]
[0, 0, 148, 0, 0, 0, 133, 104, 147, 110, 0, 137, 0, 138, 116, 138, 111, 112, 129, 0, 0, 145, 118, 0]
[0, 107, 92, 113, 0, 124, 113, 114, 96, 0, 0, 0, 134, 102, 109, 92, 0, 147, 0, 109, 108, 0, 0, 0]
[106, 115, 143, 144, 123, 137, 116, 0, 120, 135, 117, 123, 104, 133, 147, 104, 95, 98, 0, 103, 93, 130, 114, 101]
[0, 141, 96, 105, 122, 141, 0, 0, 0, 115, 133, 147, 90, 132, 0, 0, 0, 0, 141, 123, 94, 144, 92, 103]
[109, 99, 115, 0, 105, 132, 0, 110, 96, 144, 120, 112, 140, 143, 136, 0, 138, 148, 0, 123, 106, 0, 136, 118]
0
0
[119, 94, 129, 0, 0, 0, 146, 95, 99, 146, 0, 146, 0, 136, 128, 144, 0, 0, 114, 140, 120, 107, 91, 138]
0
[100, 107, 125, 131, 146, 0, 0, 0, 0, 112, 104, 91, 131, 148, 138, 102, 103, 138, 0, 137, 146, 0, 0, 0]
[141, 123, 102, 0, 0, 0, 102, 147, 133, 148, 0, 139, 0, 0, 0, 0, 129, 133, 99, 132, 97, 122, 0, 101]
[118, 142, 119, 0, 134, 132, 0, 0, 0, 0, 0, 0, 0, 108, 0, 133, 0, 104, 108, 129, 0, 117, 138, 108]
0
0
0
0
0
[91, 112, 0, 125, 128, 148, 0, 149, 133, 0, 141, 0, 122, 0, 136, 141, 119, 119, 140, 108, 97, 0, 0, 146]
[95, 102, 0, 148, 137, 0, 114, 110, 116, 0, 0, 0, 0, 96, 109, 133, 118, 103, 118, 145, 129, 0, 137, 149]
[0, 113, 121, 143, 0, 108, 0, 0, 0, 0, 0, 104, 113, 140, 149, 90, 116, 97, 0, 129, 102, 143, 0, 0]
[101, 126, 143, 116, 0, 94, 143, 136, 120, 110, 138, 126, 103, 133, 0, 0, 143, 103, 0, 0, 0, 121, 115, 142]
[132, 0, 0, 0, 0, 0, 104, 115, 149, 0, 148, 132, 114, 112, 122, 142, 141, 110, 140, 130, 0, 127, 120, 90]
[118, 0, 91, 142, 0, 146, 0, 95, 100, 0, 0, 0, 0, 0, 0, 130, 124, 104, 139, 100, 109, 0, 121, 104]
[120, 139, 114, 107, 0, 126, 104, 91, 99, 0, 0, 0, 140, 114, 97, 102, 125, 105, 132, 114, 108, 0, 135, 128]
[106, 147, 91, 120, 130, 100, 93, 137, 0, 117, 119, 143, 106, 122, 137, 0, 0, 0, 135, 98, 117, 134, 99, 127]
[143, 139, 129, 144, 106, 109, 0, 107, 120, 112, 120, 141, 148, 144, 95, 129, 125, 102, 130, 135, 101, 127, 104, 95]
[106, 131, 109, 0, 144, 135, 0, 0, 0, 109, 145, 90, 101, 0, 139, 136, 114, 90, 0, 0, 0, 103, 147, 0]
[104, 98, 114, 0, 146, 0, 119, 112, 128, 0, 127, 134, 117, 138, 132, 0, 106, 90, 102, 0, 95, 0, 126, 111]
0
[111, 146, 0, 0, 136, 131, 140, 90, 141, 109, 106, 0, 117, 145, 0, 0, 107, 0, 133, 95, 108, 128, 92, 94]
[0, 131, 141, 101, 0, 0, 0, 100, 105, 0, 0, 116, 0, 0, 0, 102, 119, 120, 0, 0, 143, 112, 105, 107]
0
0
0
0
0
0
[147, 142, 115, 99, 123, 103, 0, 0, 0, 93, 127, 96, 106, 109, 129, 0, 120, 143, 139, 143, 143, 0, 148, 0]
[100, 124, 138, 142, 0, 109, 124, 129, 102, 111, 127, 124, 0, 106, 114, 0, 95, 0, 106, 0, 92, 0, 139, 92]
[0, 100, 108, 0, 131, 0, 138, 125, 0, 108, 139, 113, 106, 136, 118, 97, 109, 124, 127, 103, 0, 92, 115, 0]
[90, 146, 137, 116, 106, 118, 103, 94, 120, 0, 0, 0, 118, 142, 145, 127, 123, 120, 105, 101, 116, 116, 146, 109]
[119, 91, 0, 127, 92, 113, 0, 0, 0, 115, 135, 146, 0, 146, 121, 133, 0, 111, 107, 145, 113, 96, 99, 0]
[139, 118, 121, 148, 113, 109, 0, 0, 0, 124, 98, 93, 127, 142, 140, 102, 136, 111, 0, 0, 0, 0, 98, 144]
[102, 140, 118, 118, 132, 141, 144, 0, 106, 0, 122, 97, 100, 119, 113, 124, 115, 111, 107, 130, 145, 147, 110, 0]
[99, 109, 97, 0, 0, 0, 125, 100, 0, 147, 97, 0, 105, 0, 131, 0, 127, 102, 0, 133, 0, 0, 0, 0]
[0, 0, 0, 108, 132, 146, 124, 135, 0, 116, 0, 124, 0, 0, 0, 121, 124, 124, 97, 94, 124, 0, 100, 109]
[90, 96, 143, 144, 104, 110, 146, 134, 134, 118, 122, 94, 127, 117, 0, 137, 108, 121, 0, 146, 93, 114, 121, 102]
[148, 0, 91, 117, 0, 91, 0, 0, 0, 0, 91, 0, 120, 0, 104, 0, 0, 126, 0, 0, 0, 126, 147, 0]
0
[148, 149, 99, 123, 145, 139, 108, 120, 131, 139, 135, 109, 99, 0, 112, 0, 0, 0, 138, 92, 111, 133, 147, 123]
0
0
0
0
0
0
0
[99, 112, 140, 0, 122, 117, 148, 146, 113, 0, 91, 147, 131, 0, 104, 0, 0, 0, 117, 0, 0, 93, 0, 131]
[0, 94, 140, 0, 119, 94, 0, 0, 0, 0, 0, 0, 0, 110, 127, 144, 124, 109, 149, 104, 126, 0, 102, 111]
0
[145, 111, 133, 90, 126, 90, 129, 133, 119, 0, 108, 128, 125, 0, 141, 101, 100, 102, 0, 0, 0, 147, 120, 132]
[140, 100, 107, 110, 132, 133, 129, 0, 110, 123, 145, 99, 120, 138, 91, 104, 138, 147, 0, 99, 105, 0, 0, 0]
0
[113, 104, 0, 123, 121, 0, 115, 145, 107, 116, 92, 144, 111, 148, 108, 97, 0, 98, 116, 104, 93, 120, 0, 95]
[0, 136, 119, 149, 139, 98, 109, 124, 118, 115, 137, 136, 120, 124, 129, 94, 133, 116, 92, 93, 140, 129, 0, 0]
[126, 106, 128, 146, 106, 0, 0, 97, 94, 114, 0, 0, 0, 102, 149, 0, 0, 0, 95, 0, 117, 122, 106, 118]
[94, 103, 101, 119, 110, 132, 0, 0, 115, 126, 127, 117, 130, 116, 103, 148, 127, 147, 113, 107, 93, 146, 144, 0]
[0, 0, 0, 0, 0, 0, 108, 149, 0, 104, 133, 119, 122, 100, 141, 144, 112, 108, 145, 128, 147, 127, 0, 132]
0
