[0, [242, 287, 222], [393, 317, 281], [517, 514, 418], [1183, 1090, 699], [2019, 1560, 1382], [1437, 1633, 1150], 0, [2265, 2513, 1587], [2237, 1979, 1401], [3330, 2659, 2164], 0, [4981, 4138, 3382], 0, 0, 0, 0, 0, 0, 0]
[[242, 287, 222], 0, [177, 214, 186], [297, 353, 234], 0, 0, [1073, 1224, 820], [1757, 2059, 1563], [1378, 1256, 916], 0, [1944, 1605, 1430], [3511, 2903, 2042], [3302, 2879, 2284], [2167, 2134, 1445], 0, 0, 0, 0, 0, 0]
[[393, 317, 281], [177, 214, 186], 0, [230, 230, 181], [395, 414, 338], [574, 458, 384], [1072, 1271, 839], [1997, 1581, 1006], 0, [1138, 1414, 1063], [2278, 2150, 1758], [3852, 3069, 2339], [3069, 3233, 2466], [3029, 2359, 1468], [2925, 3264, 2308], 0, 0, 0, 0, 0]
[[517, 514, 418], [297, 353, 234], [230, 230, 181], 0, [376, 320, 228], [716, 664, 487], [1148, 1012, 910], [966, 1172, 1047], [692, 857, 526], [1302, 1164, 939], [1602, 1486, 960], [2362, 1919, 1153], [2013, 2219, 1519], [2740, 2272, 1844], [1968, 2405, 2100], [2564, 3081, 2431], 0, 0, 0, 0]
[[1183, 1090, 699], 0, [395, 414, 338], [376, 320, 228], 0, [268, 241, 210], [430, 452, 288], [735, 678, 409], [1452, 1282, 1104], 0, 0, [1796, 1794, 1220], [1870, 1525, 1094], [1823, 2042, 1408], [2878, 3496, 2962], [3168, 2592, 1822], [2308, 2008, 1245], 0, 0, 0]
[[2019, 1560, 1382], 0, [574, 458, 384], [716, 664, 487], [268, 241, 210], 0, [224, 254, 167], [442, 537, 440], [571, 476, 301], 0, 0, [1473, 1343, 937], 0, [1630, 1790, 1428], [2546, 1975, 1271], [2533, 2228, 1392], [2906, 2836, 2427], 0, 0, 0]
[[1437, 1633, 1150], [1073, 1224, 820], [1072, 1271, 839], [1148, 1012, 910], [430, 452, 288], [224, 254, 167], 0, [415, 334, 226], [842, 696, 548], [1023, 995, 777], [1269, 1265, 1073], 0, [1427, 1242, 749], [1524, 1587, 1240], [2825, 2217, 1470], [1746, 1612, 1010], 0, 0, [3208, 2835, 2543], 0]
[0, [1757, 2059, 1563], [1997, 1581, 1006], [966, 1172, 1047], [735, 678, 409], [442, 537, 440], [415, 334, 226], 0, [262, 264, 174], [372, 462, 392], [383, 475, 343], [869, 856, 541], [891, 1112, 980], [1015, 1222, 853], [1967, 2179, 1384], [2558, 2708, 1828], [1856, 1914, 1520], [2284, 2486, 1935], [3400, 2743, 2388], [3316, 2616, 2153]]
[[2265, 2513, 1587], [1378, 1256, 916], 0, [692, 857, 526], [1452, 1282, 1104], [571, 476, 301], [842, 696, 548], [262, 264, 174], 0, [350, 316, 222], [463, 458, 277], 0, [642, 656, 460], [1077, 889, 613], [1410, 1125, 980], [1134, 1338, 1083], [2601, 2641, 2276], 0, [2845, 2534, 1860], [2032, 1796, 1361]]
[[2237, 1979, 1401], 0, [1138, 1414, 1063], [1302, 1164, 939], 0, 0, [1023, 995, 777], [372, 462, 392], [350, 316, 222], 0, [217, 218, 155], [837, 653, 568], 0, [676, 660, 515], [888, 760, 622], [1749, 1767, 1553], [1364, 1636, 1453], [1389, 1283, 902], [1504, 1869, 1681], [1647, 1808, 1236]]
[[3330, 2659, 2164], [1944, 1605, 1430], [2278, 2150, 1758], [1602, 1486, 960], 0, 0, [1269, 1265, 1073], [383, 475, 343], [463, 458, 277], [217, 218, 155], 0, [269, 242, 213], [410, 328, 245], 0, [908, 981, 674], 0, [1594, 1944, 1274], [1164, 1146, 830], [1578, 1863, 1550], [3224, 2581, 2043]]
[0, [3511, 2903, 2042], [3852, 3069, 2339], [2362, 1919, 1153], [1796, 1794, 1220], [1473, 1343, 937], 0, [869, 856, 541], 0, [837, 653, 568], [269, 242, 213], 0, 0, [360, 435, 312], [827, 684, 453], [1505, 1217, 786], 0, [2595, 2098, 1434], [1019, 1172, 983], [2890, 2414, 1601]]
[[4981, 4138, 3382], [3302, 2879, 2284], [3069, 3233, 2466], [2013, 2219, 1519], [1870, 1525, 1094], 0, [1427, 1242, 749], [891, 1112, 980], [642, 656, 460], 0, [410, 328, 245], 0, 0, [173, 201, 154], [680, 610, 456], [1234, 1017, 753], [891, 944, 664], [2189, 1735, 1468], [2114, 2075, 1761], [2293, 1924, 1581]]
[0, [2167, 2134, 1445], [3029, 2359, 1468], [2740, 2272, 1844], [1823, 2042, 1408], [1630, 1790, 1428], [1524, 1587, 1240], [1015, 1222, 853], [1077, 889, 613], [676, 660, 515], 0, [360, 435, 312], [173, 201, 154], 0, [171, 160, 109], [532, 599, 444], [897, 966, 642], [1008, 997, 613], [1651, 1585, 1423], [1492, 1197, 916]]
[0, 0, [2925, 3264, 2308], [1968, 2405, 2100], [2878, 3496, 2962], [2546, 1975, 1271], [2825, 2217, 1470], [1967, 2179, 1384], [1410, 1125, 980], [888, 760, 622], [908, 981, 674], [827, 684, 453], [680, 610, 456], [171, 160, 109], 0, [143, 177, 132], [453, 483, 413], [648, 526, 431], 0, [1514, 1736, 1368]]
[0, 0, 0, [2564, 3081, 2431], [3168, 2592, 1822], [2533, 2228, 1392], [1746, 1612, 1010], [2558, 2708, 1828], [1134, 1338, 1083], [1749, 1767, 1553], 0, [1505, 1217, 786], [1234, 1017, 753], [532, 599, 444], [143, 177, 132], 0, [435, 346, 292], [667, 546, 365], [808, 810, 486], [1127, 1075, 904]]
[0, 0, 0, 0, [2308, 2008, 1245], [2906, 2836, 2427], 0, [1856, 1914, 1520], [2601, 2641, 2276], [1364, 1636, 1453], [1594, 1944, 1274], 0, [891, 944, 664], [897, 966, 642], [453, 483, 413], [435, 346, 292], 0, [335, 331, 218], [444, 463, 296], [635, 576, 456]]
[0, 0, 0, 0, 0, 0, 0, [2284, 2486, 1935], 0, [1389, 1283, 902], [1164, 1146, 830], [2595, 2098, 1434], [2189, 1735, 1468], [1008, 997, 613], [648, 526, 431], [667, 546, 365], [335, 331, 218], 0, [224, 255, 206], [440, 345, 240]]
[0, 0, 0, 0, 0, 0, [3208, 2835, 2543], [3400, 2743, 2388], [2845, 2534, 1860], [1504, 1869, 1681], [1578, 1863, 1550], [1019, 1172, 983], [2114, 2075, 1761], [1651, 1585, 1423], 0, [808, 810, 486], [444, 463, 296], [224, 255, 206], 0, [257, 201, 124]]
[0, 0, 0, 0, 0, 0, 0, [3316, 2616, 2153], [2032, 1796, 1361], [1647, 1808, 1236], [3224, 2581, 2043], [2890, 2414, 1601], [2293, 1924, 1581], [1492, 1197, 916], [1514, 1736, 1368], [1127, 1075, 904], [635, 576, 456], [440, 345, 240], [257, 201, 124], 0]
