0
[118, 92, 143, 105, 96, 144, 127, 96, 92, 116, 144, 132, 95, 120, 93, 0, 139, 119, 110, 145, 127, 134, 0, 139]
[91, 146, 107, 112, 133, 0, 145, 109, 121, 112, 108, 131, 128, 123, 104, 0, 112, 126, 131, 0, 145, 96, 0, 0]
[145, 144, 0, 146, 0, 104, 112, 101, 0, 104, 112, 130, 0, 132, 0, 122, 149, 0, 0, 126, 122, 121, 128, 108]
[130, 111, 130, 120, 0, 0, 101, 147, 118, 0, 145, 0, 122, 137, 114, 149, 108, 103, 104, 0, 136, 0, 125, 135]
[96, 106, 113, 0, 148, 117, 126, 0, 141, 0, 95, 113, 148, 139, 115, 130, 130, 103, 0, 96, 127, 0, 0, 0]
[143, 104, 106, 0, 134, 126, 100, 0, 118, 146, 112, 135, 102, 102, 126, 119, 136, 117, 98, 0, 93, 94, 148, 110]
0
[121, 92, 115, 114, 92, 137, 111, 111, 93, 98, 0, 109, 0, 0, 0, 105, 144, 141, 0, 140, 105, 0, 0, 90]
[103, 138, 101, 146, 91, 149, 146, 99, 140, 137, 139, 104, 0, 113, 149, 0, 0, 106, 0, 0, 0, 0, 149, 122]
[0, 0, 0, 132, 125, 136, 97, 114, 141, 113, 116, 139, 111, 94, 97, 112, 149, 0, 148, 0, 145, 0, 0, 0]
0
[0, 109, 126, 0, 97, 124, 139, 121, 97, 0, 146, 134, 104, 149, 141, 0, 0, 119, 127, 0, 137, 137, 98, 0]
0
0
0
0
0
0
0
[126, 126, 129, 128, 0, 0, 125, 115, 136, 94, 107, 94, 104, 93, 136, 0, 128, 0, 111, 0, 136, 135, 110, 0]
0
[115, 123, 129, 91, 127, 145, 109, 114, 145, 92, 92, 128, 127, 0, 135, 138, 138, 97, 0, 0, 0, 144, 120, 99]
[140, 0, 0, 0, 135, 141, 132, 142, 0, 0, 0, 0, 101, 122, 109, 0, 0, 0, 105, 139, 118, 129, 97, 0]
0
0
[110, 0, 139, 148, 0, 97, 97, 109, 104, 134, 0, 0, 104, 125, 121, 125, 100, 107, 132, 95, 113, 0, 0, 102]
[108, 111, 110, 145, 0, 0, 122, 138, 117, 131, 0, 0, 91, 140, 98, 125, 113, 0, 0, 0, 108, 0, 0, 0]
[94, 109, 138, 0, 99, 110, 111, 121, 0, 116, 0, 0, 0, 0, 0, 0, 146, 0, 105, 103, 144, 113, 100, 147]
0
[127, 127, 98, 121, 137, 129, 0, 0, 128, 0, 94, 0, 99, 92, 99, 112, 136, 0, 0, 0, 0, 143, 135, 130]
[92, 0, 92, 130, 0, 104, 125, 136, 0, 119, 124, 0, 104, 0, 98, 130, 146, 145, 106, 123, 0, 0, 0, 0]
[129, 139, 116, 97, 103, 110, 0, 0, 0, 98, 118, 138, 101, 101, 146, 0, 0, 95, 0, 0, 0, 128, 143, 107]
[121, 112, 148, 117, 111, 144, 142, 99, 131, 106, 94, 111, 0, 0, 0, 109, 135, 115, 0, 0, 0, 109, 0, 0]
0
0
0
0
0
0
[0, 0, 0, 105, 0, 103, 93, 128, 92, 0, 101, 135, 148, 137, 118, 108, 145, 144, 102, 139, 0, 0, 0, 0]
[93, 133, 113, 123, 98, 144, 135, 114, 103, 121, 130, 118, 115, 95, 140, 0, 0, 0, 0, 116, 0, 0, 0, 0]
0
[134, 0, 110, 0, 125, 110, 107, 110, 123, 103, 120, 96, 114, 92, 110, 96, 137, 110, 90, 134, 0, 98, 106, 92]
[0, 124, 115, 106, 108, 134, 0, 130, 0, 98, 0, 144, 95, 131, 149, 109, 134, 142, 95, 99, 138, 132, 119, 103]
[0, 0, 0, 0, 0, 0, 121, 92, 90, 0, 134, 92, 120, 140, 117, 98, 0, 0, 117, 0, 130, 0, 0, 106]
[0, 0, 0, 128, 139, 119, 94, 95, 94, 97, 99, 0, 119, 98, 141, 106, 91, 0, 91, 117, 115, 102, 0, 149]
[101, 0, 149, 123, 140, 0, 145, 0, 131, 108, 100, 97, 124, 0, 104, 143, 0, 121, 106, 103, 131, 90, 0, 90]
0
[131, 117, 145, 130, 123, 123, 120, 101, 145, 111, 109, 141, 0, 0, 0, 127, 131, 131, 0, 0, 0, 114, 133, 141]
[137, 131, 96, 114, 133, 127, 129, 105, 0, 102, 0, 121, 0, 133, 0, 0, 117, 98, 135, 101, 101, 0, 130, 0]
[144, 120, 95, 124, 110, 121, 90, 103, 130, 120, 0, 108, 139, 103, 116, 105, 103, 92, 0, 93, 0, 0, 131, 143]
[0, 0, 0, 106, 136, 0, 0, 109, 104, 0, 0, 0, 142, 116, 146, 0, 134, 0, 92, 92, 0, 0, 0, 92]
[93, 125, 118, 113, 0, 126, 111, 105, 112, 144, 120, 0, 0, 0, 0, 0, 0, 149, 0, 137, 145, 0, 0, 0]
[0, 0, 0, 0, 139, 106, 94, 119, 138, 136, 118, 137, 0, 0, 0, 146, 97, 119, 131, 122, 105, 142, 90, 137]
0
0
0
0
0
[145, 121, 99, 92, 106, 140, 0, 102, 94, 0, 148, 118, 146, 140, 116, 131, 149, 95, 95, 134, 140, 144, 122, 127]
[99, 122, 110, 125, 143, 101, 0, 0, 0, 98, 115, 0, 142, 141, 0, 0, 0, 0, 116, 131, 113, 142, 108, 92]
[0, 140, 0, 0, 116, 0, 109, 125, 119, 148, 145, 121, 91, 0, 97, 133, 0, 90, 144, 97, 94, 125, 118, 104]
0
[128, 125, 140, 148, 0, 0, 0, 0, 0, 0, 94, 97, 138, 132, 149, 123, 142, 134, 137, 121, 97, 143, 112, 102]
[109, 118, 108, 131, 0, 115, 132, 103, 146, 107, 126, 148, 0, 0, 0, 144, 91, 122, 0, 102, 97, 118, 105, 127]
[120, 127, 137, 143, 114, 140, 0, 0, 0, 92, 103, 0, 0, 0, 92, 0, 93, 133, 107, 148, 120, 141, 90, 102]
[0, 0, 0, 0, 0, 0, 0, 103, 128, 0, 148, 145, 94, 122, 0, 119, 104, 0, 0, 0, 0, 90, 106, 0]
[0, 113, 0, 0, 0, 111, 97, 97, 114, 130, 136, 107, 145, 90, 137, 102, 129, 128, 129, 115, 93, 0, 0, 138]
[122, 114, 129, 117, 123, 0, 111, 99, 0, 126, 116, 141, 146, 109, 98, 0, 0, 0, 102, 105, 144, 116, 142, 118]
[0, 133, 95, 0, 0, 0, 122, 109, 138, 0, 114, 96, 101, 139, 95, 0, 90, 131, 98, 0, 0, 0, 0, 0]
[97, 0, 138, 0, 0, 0, 145, 0, 0, 145, 148, 134, 0, 138, 115, 142, 144, 124, 130, 148, 0, 0, 0, 0]
[120, 135, 125, 109, 114, 130, 148, 122, 97, 131, 0, 0, 108, 0, 120, 143, 126, 91, 117, 125, 140, 103, 126, 103]
[105, 109, 131, 97, 108, 98, 129, 0, 96, 0, 126, 132, 0, 0, 0, 0, 0, 0, 0, 101, 103, 0, 0, 0]
[0, 136, 135, 145, 111, 92, 146, 97, 136, 122, 0, 117, 124, 119, 140, 104, 110, 140, 124, 134, 109, 0, 0, 0]
[124, 91, 134, 144, 95, 105, 0, 0, 0, 128, 0, 108, 98, 103, 117, 101, 101, 135, 0, 113, 0, 0, 0, 0]
0
0
0
0
[112, 0, 0, 96, 105, 139, 132, 139, 119, 114, 93, 0, 96, 92, 140, 0, 132, 116, 0, 0, 127, 95, 91, 117]
0
[128, 0, 0, 92, 0, 137, 0, 0, 112, 147, 139, 0, 118, 94, 137, 122, 139, 0, 0, 0, 0, 128, 126, 100]
[124, 138, 108, 0, 98, 123, 100, 108, 90, 0, 0, 0, 138, 108, 0, 97, 138, 96, 105, 110, 130, 149, 104, 119]
0
[134, 109, 92, 131, 0, 104, 0, 0, 0, 146, 118, 145, 120, 124, 116, 144, 126, 134, 0, 0, 0, 0, 0, 0]
[90, 101, 112, 125, 147, 0, 147, 90, 115, 116, 148, 124, 0, 0, 104, 0, 0, 0, 138, 124, 128, 133, 113, 122]
[108, 107, 93, 0, 0, 0, 0, 136, 0, 0, 147, 147, 0, 118, 105, 0, 134, 141, 122, 114, 0, 120, 114, 0]
[117, 0, 140, 121, 0, 100, 113, 143, 0, 119, 110, 107, 121, 0, 127, 148, 131, 146, 90, 93, 90, 0, 0, 0]
0
0
[136, 140, 146, 107, 124, 0, 0, 0, 0, 127, 133, 109, 0, 133, 141, 101, 140, 136, 114, 135, 130, 108, 144, 93]
[118, 125, 117, 0, 108, 149, 126, 102, 133, 0, 0, 0, 119, 130, 122, 117, 137, 0, 141, 135, 119, 125, 146, 0]
[100, 143, 105, 0, 0, 0, 113, 0, 0, 0, 0, 0, 112, 0, 0, 0, 0, 0, 106, 0, 113, 138, 138, 0]
[128, 148, 137, 0, 0, 0, 95, 102, 90, 135, 123, 116, 107, 0, 105, 124, 115, 94, 148, 90, 126, 143, 92, 112]
[105, 107, 0, 139, 120, 126, 0, 108, 0, 124, 108, 105, 0, 0, 0, 135, 125, 92, 0, 144, 140, 108, 93, 104]
[144, 121, 94, 90, 107, 142, 135, 137, 132, 144, 135, 123, 136, 114, 111, 109, 119, 109, 137, 94, 146, 149, 0, 147]
0
0
0
[0, 0, 98, 106, 0, 113, 0, 0, 138, 134, 124, 91, 119, 147, 133, 0, 0, 117, 144, 97, 106, 0, 0, 0]
0
[112, 137, 138, 131, 101, 138, 0, 0, 0, 0, 109, 138, 0, 0, 0, 103, 132, 0, 0, 99, 116, 115, 144, 117]
[145, 102, 98, 0, 0, 0, 124, 103, 126, 105, 126, 120, 0, 0, 0, 0, 144, 99, 100, 145, 116, 100, 112, 107]
[105, 139, 132, 133, 99, 0, 102, 0, 0, 141, 0, 0, 147, 0, 115, 0, 113, 102, 106, 123, 142, 0, 113, 141]
0
[95, 121, 111, 90, 140, 131, 125, 131, 0, 117, 131, 117, 94, 107, 110, 0, 101, 137, 147, 91, 105, 122, 122, 95]
[133, 130, 0, 104, 0, 145, 95, 98, 93, 0, 0, 0, 103, 135, 108, 0, 0, 0, 0, 0, 143, 149, 95, 129]
[0, 121, 95, 143, 101, 146, 94, 0, 123, 0, 0, 0, 125, 92, 108, 146, 134, 149, 106, 147, 96, 102, 130, 0]
0
0
[97, 119, 117, 101, 110, 122, 146, 108, 121, 140, 132, 0, 0, 117, 0, 107, 129, 104, 111, 105, 99, 100, 123, 115]
0
[134, 101, 142, 113, 117, 127, 0, 0, 0, 0, 116, 112, 126, 112, 0, 115, 140, 118, 144, 92, 140, 99, 101, 0]
[0, 0, 149, 138, 142, 119, 143, 138, 114, 114, 0, 130, 135, 148, 0, 0, 0, 0, 100, 139, 101, 112, 146, 110]
[123, 0, 137, 102, 130, 0, 146, 110, 116, 134, 0, 134, 94, 146, 137, 123, 98, 0, 148, 99, 140, 143, 147, 121]
[93, 140, 96, 0, 112, 140, 149, 102, 100, 117, 0, 98, 117, 116, 110, 0, 97, 131, 0, 0, 105, 148, 93, 143]
0
0
0
[144, 128, 91, 100, 103, 111, 142, 123, 116, 0, 138, 124, 0, 98, 113, 0, 117, 140, 144, 0, 0, 92, 149, 123]
[0, 0, 0, 134, 125, 143, 133, 119, 0, 137, 94, 143, 0, 91, 0, 98, 105, 98, 0, 0, 0, 90, 129, 96]
[130, 103, 105, 100, 0, 108, 0, 0, 0, 122, 144, 119, 107, 146, 121, 94, 115, 93, 134, 125, 0, 136, 0, 101]
[0, 112, 96, 0, 0, 0, 0, 0, 0, 0, 0, 0, 109, 0, 122, 106, 0, 118, 0, 100, 113, 149, 97, 106]
[0, 0, 129, 0, 0, 0, 0, 0, 0, 95, 0, 113, 0, 111, 100, 146, 0, 94, 129, 123, 0, 145, 132, 97]
[134, 0, 97, 108, 131, 0, 148, 136, 121, 113, 109, 147, 90, 108, 146, 91, 136, 0, 0, 106, 146, 0, 0, 0]
0
[113, 144, 128, 114, 103, 0, 122, 136, 101, 0, 131, 124, 139, 132, 0, 137, 0, 135, 105, 0, 109, 91, 0, 132]
[0, 0, 0, 0, 0, 0, 0, 132, 124, 120, 0, 128, 137, 0, 108, 95, 132, 0, 146, 100, 122, 127, 118, 138]
[0, 107, 112, 0, 114, 96, 0, 0, 0, 98, 125, 0, 143, 0, 97, 0, 0, 0, 125, 123, 91, 128, 124, 98]
[127, 133, 0, 124, 0, 126, 0, 0, 110, 128, 131, 115, 110, 127, 0, 0, 0, 0, 132, 121, 130, 105, 102, 99]
0
[128, 132, 106, 114, 109, 121, 92, 107, 0, 0, 149, 144, 0, 0, 0, 0, 93, 148, 116, 97, 124, 0, 145, 113]
[117, 109, 97, 95, 123, 120, 90, 124, 114, 0, 0, 92, 0, 114, 130, 0, 0, 0, 98, 0, 0, 0, 0, 0]
[0, 148, 93, 116, 114, 132, 112, 121, 105, 107, 141, 130, 0, 138, 0, 104, 147, 0, 143, 95, 125, 128, 0, 0]
[0, 127, 110, 109, 90, 94, 144, 118, 106, 139, 110, 135, 116, 140, 131, 108, 146, 111, 96, 105, 0, 0, 103, 0]
0
0
[146, 100, 112, 0, 98, 0, 94, 95, 0, 126, 0, 137, 0, 149, 145, 135, 0, 104, 121, 0, 126, 146, 100, 117]
0
0
[142, 108, 99, 137, 110, 97, 120, 115, 0, 124, 112, 126, 110, 0, 0, 0, 90, 0, 134, 0, 103, 125, 142, 97]
[111, 110, 115, 149, 148, 0, 0, 0, 0, 129, 131, 129, 0, 0, 0, 114, 108, 0, 134, 115, 142, 120, 0, 123]
[147, 0, 147, 115, 102, 138, 129, 0, 146, 123, 147, 103, 132, 99, 119, 93, 108, 0, 112, 0, 92, 0, 0, 0]
[0, 140, 100, 139, 111, 148, 116, 122, 0, 149, 144, 129, 138, 129, 0, 0, 0, 0, 134, 146, 118, 130, 141, 122]
[92, 105, 96, 0, 0, 0, 131, 130, 147, 133, 147, 95, 103, 125, 110, 0, 0, 0, 144, 119, 95, 137, 133, 132]
[148, 0, 0, 0, 111, 96, 123, 122, 138, 98, 113, 137, 0, 0, 0, 112, 108, 144, 0, 148, 99, 0, 0, 93]
0
[139, 0, 0, 0, 0, 0, 101, 109, 142, 121, 0, 124, 108, 137, 91, 138, 96, 0, 131, 90, 106, 105, 110, 98]
[133, 0, 113, 0, 0, 0, 129, 102, 0, 117, 135, 0, 119, 127, 131, 0, 119, 0, 96, 149, 111, 0, 0, 0]
[126, 135, 108, 131, 110, 91, 121, 133, 132, 128, 90, 101, 0, 0, 0, 145, 129, 130, 96, 124, 98, 133, 0, 136]
[96, 114, 114, 134, 136, 123, 0, 0, 0, 0, 101, 145, 0, 0, 0, 115, 0, 117, 0, 132, 92, 135, 135, 125]
[134, 138, 144, 122, 0, 115, 110, 0, 133, 146, 110, 148, 130, 114, 107, 0, 92, 127, 0, 0, 101, 117, 119, 128]
[102, 125, 0, 0, 0, 0, 91, 148, 92, 0, 0, 0, 103, 141, 97, 115, 0, 109, 119, 0, 95, 0, 104, 121]
[0, 101, 118, 0, 0, 129, 126, 0, 146, 0, 0, 0, 117, 137, 99, 98, 123, 104, 100, 101, 101, 123, 94, 0]
[0, 122, 140, 103, 136, 0, 127, 104, 136, 136, 102, 128, 91, 123, 100, 113, 0, 105, 119, 0, 149, 143, 91, 0]
[0, 0, 0, 138, 0, 131, 93, 0, 0, 136, 117, 116, 114, 126, 103, 116, 142, 0, 0, 102, 97, 0, 111, 134]
[121, 0, 112, 142, 98, 118, 94, 130, 0, 0, 100, 110, 118, 118, 0, 96, 91, 0, 95, 149, 133, 104, 111, 131]
[142, 0, 129, 90, 149, 0, 91, 148, 144, 125, 99, 120, 132, 100, 0, 120, 118, 146, 132, 119, 113, 117, 103, 138]
[144, 0, 136, 0, 0, 0, 118, 97, 98, 0, 0, 0, 93, 132, 136, 0, 0, 0, 104, 92, 131, 93, 101, 125]
[114, 125, 0, 102, 0, 125, 133, 0, 135, 0, 0, 0, 0, 92, 120, 134, 0, 136, 0, 0, 0, 102, 0, 106]
[129, 102, 97, 0, 106, 141, 125, 0, 96, 135, 125, 136, 138, 115, 136, 90, 98, 92, 0, 0, 0, 0, 0, 0]
0
[140, 98, 111, 0, 0, 0, 145, 94, 0, 106, 90, 104, 0, 100, 0, 140, 126, 0, 105, 108, 99, 144, 135, 114]
[144, 91, 118, 118, 102, 113, 110, 143, 130, 108, 148, 111, 126, 129, 115, 115, 135, 93, 106, 133, 139, 118, 128, 94]
[103, 128, 134, 0, 115, 96, 143, 133, 139, 0, 143, 97, 0, 108, 149, 112, 129, 131, 0, 0, 0, 0, 0, 0]
[90, 121, 138, 110, 92, 102, 120, 105, 113, 121, 95, 146, 119, 116, 0, 0, 143, 114, 94, 130, 0, 92, 104, 95]
[135, 117, 129, 116, 103, 92, 118, 141, 90, 0, 111, 102, 121, 148, 104, 124, 125, 121, 131, 92, 132, 116, 144, 0]
0
[110, 127, 96, 0, 0, 0, 107, 122, 93, 133, 137, 104, 101, 96, 136, 0, 98, 111, 99, 138, 96, 117, 108, 121]
[127, 0, 142, 147, 119, 116, 0, 98, 144, 0, 145, 126, 0, 0, 0, 111, 101, 108, 90, 137, 107, 132, 97, 0]
0
[122, 147, 0, 0, 140, 119, 0, 118, 139, 0, 104, 129, 130, 115, 128, 0, 0, 0, 96, 100, 102, 131, 127, 145]
[94, 0, 91, 149, 139, 0, 97, 123, 101, 117, 0, 122, 94, 123, 0, 0, 0, 0, 145, 129, 112, 137, 139, 116]
[131, 0, 116, 109, 118, 120, 106, 101, 0, 124, 116, 148, 0, 0, 0, 113, 103, 118, 101, 142, 92, 142, 122, 0]
[137, 136, 0, 0, 0, 145, 146, 0, 0, 125, 114, 0, 0, 114, 111, 119, 0, 0, 141, 118, 0, 102, 149, 0]
[119, 91, 149, 94, 90, 121, 122, 148, 0, 118, 97, 137, 146, 104, 0, 0, 0, 0, 105, 144, 101, 0, 0, 148]
0
[0, 0, 0, 0, 0, 0, 111, 116, 127, 112, 98, 0, 102, 90, 106, 135, 0, 95, 0, 0, 104, 110, 106, 149]
[147, 0, 113, 106, 91, 136, 101, 97, 93, 117, 117, 107, 0, 133, 0, 92, 102, 131, 0, 92, 149, 0, 0, 0]
[129, 98, 147, 95, 108, 139, 0, 0, 0, 148, 140, 91, 133, 103, 121, 0, 0, 115, 143, 130, 110, 114, 149, 0]
0
[123, 122, 148, 141, 0, 91, 135, 132, 108, 92, 129, 97, 0, 0, 0, 109, 123, 135, 122, 127, 123, 0, 92, 0]
[0, 120, 0, 105, 129, 0, 92, 117, 126, 0, 118, 106, 136, 0, 103, 142, 0, 118, 100, 125, 115, 0, 138, 136]
0
0
[136, 123, 108, 104, 125, 0, 0, 0, 0, 112, 94, 126, 0, 98, 0, 95, 94, 145, 0, 132, 135, 0, 118, 147]
[0, 0, 118, 111, 125, 107, 0, 94, 95, 135, 148, 115, 0, 95, 145, 110, 148, 94, 0, 0, 0, 132, 121, 149]
[94, 119, 127, 0, 0, 0, 146, 0, 0, 100, 126, 103, 0, 121, 111, 115, 0, 131, 113, 96, 111, 138, 121, 131]
0
[0, 0, 0, 95, 112, 132, 0, 0, 0, 114, 0, 116, 122, 0, 98, 109, 0, 149, 114, 120, 0, 130, 132, 127]
[112, 137, 0, 0, 136, 110, 143, 125, 128, 102, 145, 129, 0, 109, 126, 95, 120, 126, 92, 115, 102, 123, 126, 133]
0
[147, 98, 114, 138, 0, 92, 123, 110, 117, 0, 90, 92, 0, 0, 0, 134, 110, 95, 124, 139, 93, 107, 125, 92]
[0, 136, 113, 0, 0, 0, 102, 0, 93, 136, 0, 142, 115, 107, 125, 143, 135, 90, 102, 146, 115, 125, 0, 103]
[140, 138, 129, 123, 113, 127, 0, 0, 147, 97, 107, 140, 103, 120, 0, 109, 93, 128, 120, 90, 120, 111, 143, 93]
[95, 144, 133, 0, 0, 0, 124, 142, 139, 113, 132, 0, 103, 108, 124, 0, 91, 114, 0, 0, 0, 124, 108, 110]
[0, 133, 127, 91, 114, 147, 0, 0, 0, 119, 92, 92, 0, 0, 0, 0, 0, 125, 110, 0, 113, 143, 122, 93]
[142, 138, 145, 107, 131, 105, 123, 120, 0, 124, 148, 0, 105, 113, 124, 0, 134, 111, 121, 0, 148, 93, 120, 137]
[102, 139, 0, 126, 100, 138, 119, 123, 94, 110, 138, 109, 0, 0, 0, 91, 101, 131, 0, 0, 0, 0, 0, 0]
[148, 131, 136, 141, 145, 117, 134, 129, 132, 95, 111, 122, 0, 0, 0, 0, 0, 0, 128, 122, 140, 120, 91, 149]
[0, 0, 0, 149, 139, 113, 145, 131, 136, 134, 135, 130, 123, 0, 145, 91, 114, 97, 104, 0, 115, 147, 0, 92]
[0, 0, 0, 147, 113, 0, 93, 132, 106, 0, 0, 0, 143, 0, 128, 92, 0, 0, 139, 119, 126, 102, 100, 99]
[149, 0, 110, 114, 0, 115, 143, 0, 0, 149, 139, 102, 0, 138, 132, 0, 0, 91, 131, 0, 0, 124, 138, 95]
0
0
[96, 108, 101, 108, 100, 108, 0, 116, 0, 93, 136, 127, 0, 0, 0, 109, 136, 94, 0, 94, 119, 121, 111, 0]
[136, 115, 141, 113, 124, 0, 127, 148, 107, 93, 103, 92, 131, 129, 139, 127, 90, 108, 105, 135, 123, 111, 128, 148]
[0, 0, 0, 102, 136, 0, 108, 134, 112, 110, 123, 105, 0, 0, 134, 118, 107, 139, 0, 0, 0, 135, 139, 107]
[108, 138, 116, 0, 0, 131, 0, 0, 0, 98, 122, 141, 0, 138, 0, 99, 0, 142, 94, 133, 119, 0, 0, 145]
0
[0, 0, 0, 110, 149, 0, 135, 138, 97, 133, 120, 116, 132, 102, 127, 0, 0, 0, 129, 107, 0, 109, 146, 127]
[136, 112, 110, 0, 0, 102, 130, 112, 118, 0, 0, 0, 101, 139, 131, 96, 100, 113, 129, 135, 131, 91, 144, 141]
0
[135, 99, 106, 0, 109, 99, 0, 0, 0, 108, 140, 97, 109, 93, 121, 0, 111, 133, 95, 0, 102, 146, 97, 109]
0
[140, 114, 0, 91, 134, 96, 0, 108, 127, 138, 121, 103, 131, 125, 0, 96, 112, 121, 0, 144, 146, 100, 127, 99]
[109, 99, 0, 121, 134, 149, 147, 95, 100, 0, 0, 0, 116, 0, 112, 98, 0, 0, 132, 119, 91, 0, 0, 0]
[91, 138, 140, 148, 100, 93, 0, 0, 0, 106, 100, 0, 145, 0, 136, 139, 0, 119, 132, 109, 122, 92, 0, 91]
[0, 0, 96, 0, 0, 0, 0, 0, 0, 0, 0, 105, 146, 99, 0, 99, 124, 0, 125, 134, 119, 92, 139, 102]
0
[0, 0, 0, 117, 91, 143, 117, 99, 90, 149, 142, 116, 113, 139, 112, 94, 132, 0, 140, 113, 117, 130, 114, 0]
[0, 0, 0, 0, 139, 144, 0, 92, 117, 0, 0, 0, 120, 108, 126, 140, 148, 105, 0, 90, 120, 131, 0, 139]
[0, 130, 0, 90, 0, 118, 99, 114, 141, 145, 118, 143, 94, 0, 107, 97, 124, 149, 145, 140, 105, 0, 145, 104]
[0, 0, 114, 0, 128, 0, 115, 0, 92, 139, 105, 97, 0, 0, 0, 102, 121, 113, 106, 107, 113, 0, 0, 0]
[0, 0, 0, 146, 91, 139, 0, 0, 0, 122, 0, 136, 129, 0, 110, 123, 133, 0, 95, 0, 94, 137, 113, 95]
0
[132, 108, 0, 111, 141, 107, 0, 110, 147, 0, 99, 144, 0, 0, 0, 0, 0, 0, 119, 128, 108, 128, 92, 129]
0
[111, 114, 109, 125, 0, 0, 90, 140, 145, 102, 91, 135, 134, 111, 102, 0, 0, 139, 123, 145, 106, 111, 0, 131]
[0, 0, 0, 95, 121, 123, 144, 0, 139, 134, 126, 0, 0, 98, 99, 0, 134, 130, 0, 0, 0, 92, 94, 133]
0
0
[148, 0, 99, 114, 0, 0, 0, 0, 0, 115, 127, 103, 0, 120, 118, 135, 0, 132, 0, 148, 130, 146, 125, 0]
[133, 125, 125, 147, 0, 147, 0, 100, 102, 138, 0, 133, 107, 137, 0, 0, 123, 119, 108, 0, 0, 104, 0, 146]
[0, 0, 123, 0, 0, 144, 108, 114, 117, 137, 112, 125, 115, 103, 141, 0, 0, 0, 0, 115, 118, 104, 140, 136]
0
[118, 97, 0, 0, 0, 125, 108, 96, 115, 0, 127, 115, 0, 126, 137, 143, 144, 140, 140, 0, 132, 143, 129, 106]
[105, 121, 93, 118, 146, 110, 93, 96, 112, 0, 0, 0, 0, 116, 148, 0, 0, 0, 101, 102, 99, 149, 0, 138]
[0, 0, 0, 104, 127, 131, 143, 129, 91, 90, 142, 108, 130, 0, 146, 98, 102, 94, 125, 127, 126, 118, 135, 142]
[142, 99, 116, 109, 97, 132, 0, 136, 143, 143, 98, 101, 149, 110, 90, 127, 90, 148, 127, 101, 110, 138, 141, 106]
[95, 148, 134, 0, 106, 0, 105, 134, 114, 103, 110, 115, 0, 120, 137, 0, 0, 90, 136, 97, 142, 109, 95, 112]
[138, 116, 149, 93, 97, 114, 128, 112, 119, 128, 91, 0, 149, 137, 146, 0, 140, 137, 117, 0, 119, 100, 134, 117]
[99, 91, 112, 124, 0, 122, 135, 102, 0, 123, 112, 0, 0, 90, 0, 148, 107, 96, 140, 148, 0, 149, 120, 141]
[127, 144, 123, 116, 95, 143, 0, 106, 0, 126, 93, 131, 133, 0, 0, 100, 113, 0, 108, 104, 95, 139, 0, 140]
0
[0, 0, 0, 135, 148, 103, 0, 131, 143, 148, 0, 109, 104, 138, 148, 122, 91, 137, 0, 0, 0, 0, 0, 0]
[120, 113, 135, 130, 108, 129, 135, 132, 0, 0, 0, 0, 0, 97, 120, 115, 101, 0, 129, 111, 127, 123, 146, 100]
[0, 105, 0, 145, 113, 94, 0, 0, 0, 144, 110, 122, 98, 141, 95, 113, 141, 125, 93, 135, 0, 0, 0, 0]
0
[101, 102, 106, 149, 0, 0, 125, 92, 131, 113, 125, 0, 111, 136, 101, 121, 142, 99, 106, 0, 139, 116, 108, 105]
0
0
[114, 101, 134, 136, 128, 97, 95, 135, 119, 141, 143, 0, 135, 90, 149, 116, 146, 0, 97, 93, 0, 114, 106, 137]
[0, 0, 0, 90, 111, 105, 97, 109, 134, 144, 0, 144, 106, 144, 115, 116, 118, 146, 0, 0, 0, 135, 139, 137]
[102, 131, 0, 0, 0, 0, 142, 129, 103, 132, 0, 118, 94, 110, 99, 0, 0, 0, 138, 91, 139, 149, 0, 96]
[95, 141, 96, 0, 133, 122, 0, 93, 144, 149, 104, 103, 110, 121, 121, 145, 145, 0, 0, 0, 121, 119, 0, 102]
[0, 127, 145, 0, 0, 0, 0, 0, 147, 106, 120, 0, 0, 133, 0, 132, 116, 99, 0, 0, 139, 120, 118, 119]
[0, 0, 0, 142, 0, 136, 93, 0, 114, 115, 135, 134, 141, 98, 122, 129, 106, 0, 0, 0, 92, 146, 105, 146]
[0, 0, 0, 95, 112, 123, 102, 0, 139, 133, 143, 0, 109, 147, 94, 134, 91, 122, 120, 132, 117, 101, 146, 99]
0
[136, 144, 98, 120, 142, 146, 0, 0, 0, 98, 98, 118, 145, 97, 109, 90, 140, 118, 121, 0, 137, 0, 113, 108]
[0, 0, 0, 126, 123, 125, 0, 129, 149, 148, 147, 0, 0, 94, 120, 126, 125, 116, 124, 120, 112, 0, 0, 0]
[140, 0, 137, 92, 0, 90, 94, 131, 130, 0, 136, 145, 110, 118, 130, 0, 0, 0, 93, 149, 139, 0, 0, 0]
[148, 133, 133, 0, 94, 92, 0, 0, 0, 0, 129, 0, 135, 109, 138, 97, 113, 128, 0, 0, 0, 124, 91, 124]
[113, 118, 126, 0, 149, 107, 0, 0, 134, 0, 136, 139, 110, 94, 131, 102, 132, 135, 110, 142, 99, 104, 105, 0]
[95, 135, 99, 121, 106, 0, 144, 97, 116, 121, 139, 109, 105, 137, 91, 128, 0, 123, 0, 0, 0, 111, 0, 112]
[0, 0, 116, 112, 138, 126, 139, 0, 0, 127, 0, 0, 114, 100, 148, 0, 0, 0, 0, 0, 0, 113, 107, 142]
[98, 124, 123, 139, 114, 126, 106, 0, 91, 131, 146, 128, 122, 0, 91, 0, 115, 133, 114, 110, 127, 99, 104, 97]
[0, 109, 97, 103, 134, 130, 90, 114, 100, 108, 0, 109, 97, 102, 0, 0, 0, 0, 116, 102, 123, 0, 98, 125]
0
[139, 0, 136, 114, 145, 134, 102, 116, 113, 148, 105, 127, 0, 126, 106, 0, 129, 137, 0, 122, 133, 136, 126, 0]
[97, 110, 0, 0, 100, 110, 134, 95, 95, 115, 119, 143, 138, 123, 119, 101, 0, 97, 122, 109, 147, 131, 122, 126]
0
[0, 0, 0, 120, 145, 98, 108, 113, 134, 134, 147, 137, 0, 0, 0, 92, 98, 0, 134, 101, 148, 139, 106, 107]
[0, 0, 0, 0, 90, 0, 134, 0, 140, 0, 97, 0, 0, 92, 127, 148, 0, 136, 0, 141, 142, 132, 98, 119]
[104, 0, 0, 140, 135, 0, 101, 143, 115, 148, 0, 119, 122, 126, 125, 136, 108, 110, 144, 130, 92, 110, 114, 105]
[137, 127, 123, 0, 138, 95, 117, 107, 125, 138, 128, 120, 99, 94, 98, 0, 0, 0, 149, 0, 0, 90, 121, 148]
[136, 104, 119, 146, 95, 114, 140, 0, 113, 105, 116, 117, 0, 131, 122, 138, 0, 102, 125, 117, 103, 0, 0, 0]
[135, 134, 122, 105, 105, 0, 115, 97, 114, 114, 119, 110, 0, 94, 139, 149, 112, 142, 0, 0, 0, 92, 135, 0]
0
0
[0, 0, 0, 0, 139, 103, 0, 0, 0, 91, 110, 114, 107, 94, 129, 101, 117, 135, 94, 122, 146, 0, 0, 122]
[0, 149, 145, 0, 0, 0, 116, 126, 142, 135, 0, 0, 0, 0, 0, 108, 112, 130, 124, 0, 0, 0, 0, 0]
[146, 0, 140, 113, 0, 126, 101, 0, 148, 0, 99, 107, 124, 100, 98, 0, 0, 0, 114, 141, 135, 0, 0, 92]
[128, 129, 95, 115, 98, 95, 96, 126, 135, 145, 141, 111, 103, 148, 119, 97, 126, 125, 0, 113, 0, 0, 0, 0]
[0, 0, 0, 94, 147, 134, 0, 0, 0, 96, 134, 146, 0, 145, 0, 0, 121, 124, 115, 132, 149, 0, 95, 145]
[102, 0, 120, 108, 102, 138, 140, 139, 149, 0, 0, 0, 142, 101, 102, 137, 0, 127, 122, 0, 0, 0, 0, 0]
[109, 132, 136, 0, 0, 0, 147, 105, 138, 142, 146, 106, 113, 95, 131, 132, 92, 0, 108, 0, 137, 0, 0, 120]
[126, 0, 0, 0, 0, 0, 123, 104, 0, 133, 117, 103, 0, 0, 0, 131, 135, 0, 129, 113, 100, 0, 103, 115]
[0, 116, 118, 147, 121, 146, 113, 137, 0, 145, 137, 134, 149, 136, 147, 140, 0, 0, 113, 137, 92, 117, 0, 104]
[96, 0, 143, 113, 0, 0, 109, 0, 130, 92, 0, 0, 148, 142, 0, 104, 122, 90, 99, 138, 99, 92, 0, 117]
[147, 125, 132, 98, 91, 97, 95, 0, 138, 0, 140, 132, 93, 123, 126, 143, 97, 98, 147, 0, 0, 0, 126, 142]
[0, 129, 91, 0, 113, 115, 144, 0, 114, 117, 102, 110, 0, 96, 127, 142, 139, 149, 130, 105, 0, 131, 126, 0]
0
[134, 0, 109, 0, 99, 106, 106, 101, 101, 110, 0, 113, 109, 145, 121, 0, 107, 0, 0, 91, 136, 0, 149, 0]
[135, 93, 107, 114, 112, 143, 122, 135, 108, 0, 97, 101, 0, 0, 0, 107, 136, 139, 128, 149, 93, 91, 133, 0]
[0, 111, 116, 135, 135, 100, 147, 0, 120, 98, 126, 125, 102, 0, 115, 105, 0, 104, 0, 0, 0, 139, 146, 96]
0
[125, 0, 119, 106, 0, 0, 0, 122, 119, 145, 0, 0, 0, 0, 0, 128, 122, 109, 103, 97, 127, 135, 100, 0]
0
0
0
[143, 146, 92, 0, 0, 0, 98, 92, 0, 117, 144, 103, 0, 0, 0, 137, 0, 112, 112, 127, 131, 90, 127, 110]
[125, 119, 131, 142, 0, 95, 92, 97, 104, 0, 141, 121, 0, 149, 120, 0, 126, 133, 97, 143, 124, 96, 98, 124]
[129, 0, 120, 119, 102, 90, 0, 107, 125, 115, 0, 116, 142, 149, 0, 141, 139, 144, 0, 147, 0, 0, 0, 0]
[103, 0, 116, 0, 0, 108, 0, 0, 0, 149, 108, 136, 134, 135, 0, 0, 0, 0, 140, 0, 139, 127, 105, 0]
[0, 0, 0, 0, 0, 0, 147, 122, 127, 141, 112, 141, 139, 111, 149, 120, 138, 149, 95, 128, 97, 106, 115, 144]
[0, 0, 0, 92, 127, 91, 0, 137, 93, 102, 134, 0, 0, 0, 114, 0, 114, 122, 126, 115, 97, 0, 0, 92]
[0, 114, 101, 114, 98, 137, 0, 118, 135, 95, 146, 95, 0, 0, 0, 95, 136, 141, 129, 133, 0, 0, 0, 0]
0
[135, 141, 131, 140, 101, 142, 111, 0, 119, 0, 0, 119, 133, 140, 122, 0, 112, 149, 131, 97, 0, 134, 0, 135]
[139, 101, 128, 106, 105, 91, 0, 0, 115, 106, 103, 112, 119, 103, 114, 0, 0, 0, 97, 0, 144, 0, 102, 0]
[0, 131, 139, 120, 143, 102, 0, 0, 0, 118, 0, 103, 138, 119, 149, 135, 145, 92, 135, 122, 96, 0, 0, 0]
[134, 108, 127, 112, 104, 135, 111, 94, 99, 0, 0, 0, 108, 133, 0, 124, 147, 147, 110, 129, 0, 110, 108, 136]
0
[106, 0, 107, 96, 131, 103, 106, 105, 100, 99, 138, 125, 94, 135, 103, 95, 0, 110, 129, 116, 103, 0, 0, 113]
[0, 0, 0, 95, 137, 0, 103, 99, 112, 0, 0, 0, 100, 117, 108, 98, 100, 121, 0, 131, 120, 107, 132, 116]
[101, 141, 112, 105, 110, 0, 101, 90, 124, 95, 142, 0, 98, 103, 143, 90, 96, 101, 142, 139, 134, 93, 0, 94]
[125, 0, 98, 95, 98, 140, 130, 140, 121, 0, 0, 142, 135, 95, 93, 113, 91, 91, 104, 109, 99, 0, 0, 0]
0
0
0
0
[0, 0, 0, 138, 104, 121, 116, 0, 145, 100, 128, 0, 0, 138, 118, 104, 130, 120, 101, 102, 123, 0, 0, 0]
[113, 0, 140, 117, 124, 143, 117, 104, 121, 98, 127, 93, 90, 0, 102, 0, 0, 0, 0, 109, 111, 131, 0, 112]
0
[110, 103, 108, 0, 0, 0, 92, 107, 125, 0, 141, 122, 124, 0, 123, 147, 143, 146, 122, 130, 98, 98, 147, 111]
[148, 117, 133, 116, 0, 92, 102, 92, 130, 96, 117, 96, 0, 146, 0, 116, 92, 0, 0, 92, 0, 114, 141, 0]
[128, 120, 0, 138, 113, 0, 108, 104, 143, 117, 107, 114, 0, 0, 0, 100, 101, 105, 0, 0, 0, 0, 0, 0]
[113, 117, 105, 90, 101, 132, 0, 0, 0, 139, 121, 0, 138, 120, 111, 0, 108, 133, 0, 0, 0, 0, 115, 139]
0
[0, 0, 0, 0, 0, 130, 115, 104, 0, 122, 119, 102, 139, 0, 111, 0, 131, 109, 134, 135, 142, 149, 104, 0]
[131, 133, 132, 126, 93, 115, 98, 110, 103, 98, 97, 137, 145, 101, 120, 120, 99, 107, 139, 149, 0, 117, 134, 143]
[115, 116, 91, 101, 0, 108, 143, 98, 131, 92, 149, 0, 0, 117, 107, 115, 144, 133, 134, 101, 117, 131, 126, 0]
[139, 148, 146, 98, 112, 105, 105, 110, 98, 98, 93, 146, 129, 118, 137, 0, 0, 0, 127, 134, 135, 0, 0, 0]
0
[147, 133, 115, 100, 125, 95, 91, 149, 139, 0, 0, 0, 143, 0, 136, 0, 110, 142, 103, 101, 132, 122, 137, 94]
[147, 140, 93, 102, 0, 109, 0, 147, 0, 101, 0, 119, 109, 0, 117, 0, 0, 0, 0, 0, 137, 141, 130, 124]
[107, 144, 0, 0, 107, 97, 0, 0, 0, 0, 105, 93, 109, 143, 148, 137, 141, 116, 130, 120, 119, 0, 0, 0]
0
0
0
0
0
0
0
[0, 105, 122, 0, 135, 122, 92, 135, 115, 130, 128, 131, 99, 0, 138, 119, 108, 146, 0, 145, 130, 90, 0, 91]
0
[0, 116, 107, 0, 0, 0, 144, 145, 125, 122, 105, 0, 0, 0, 0, 102, 144, 125, 124, 125, 0, 141, 97, 90]
[0, 103, 104, 132, 145, 103, 118, 126, 0, 0, 113, 123, 98, 126, 91, 91, 148, 93, 0, 0, 0, 102, 140, 129]
[128, 0, 110, 0, 136, 0, 147, 119, 127, 104, 135, 129, 0, 134, 0, 121, 143, 121, 137, 128, 142, 101, 146, 0]
[127, 0, 98, 0, 98, 95, 0, 130, 142, 0, 94, 128, 0, 109, 119, 116, 144, 107, 97, 135, 0, 122, 102, 131]
[0, 137, 121, 0, 0, 0, 0, 90, 113, 103, 111, 143, 110, 125, 128, 124, 90, 119, 101, 100, 96, 141, 0, 107]
[133, 101, 128, 101, 123, 115, 138, 144, 0, 124, 107, 147, 0, 0, 0, 0, 116, 94, 96, 132, 127, 102, 144, 0]
[149, 104, 0, 145, 126, 116, 122, 115, 121, 0, 0, 0, 117, 123, 143, 110, 111, 99, 149, 0, 122, 103, 113, 145]
[95, 91, 110, 0, 0, 0, 0, 0, 0, 138, 97, 101, 145, 143, 0, 138, 100, 110, 0, 96, 0, 0, 0, 116]
0
[95, 0, 91, 116, 137, 146, 133, 137, 133, 145, 0, 117, 0, 0, 0, 105, 0, 0, 0, 100, 94, 129, 0, 97]
[0, 0, 0, 133, 120, 119, 113, 0, 111, 0, 0, 0, 123, 149, 0, 101, 111, 93, 120, 123, 100, 0, 0, 0]
0
0
0
0
0
0
[139, 98, 0, 112, 138, 0, 95, 0, 129, 148, 140, 105, 113, 144, 102, 146, 0, 146, 121, 0, 144, 103, 143, 0]
[135, 90, 0, 136, 130, 0, 143, 0, 98, 98, 146, 125, 93, 126, 92, 101, 145, 122, 0, 0, 103, 149, 0, 102]
[129, 105, 113, 141, 135, 137, 143, 0, 0, 136, 130, 131, 113, 145, 114, 127, 93, 130, 0, 0, 0, 114, 137, 0]
[0, 137, 146, 115, 100, 0, 108, 0, 0, 104, 108, 91, 120, 121, 100, 142, 117, 111, 128, 126, 0, 137, 143, 113]
[105, 123, 106, 97, 0, 97, 97, 96, 118, 118, 119, 105, 90, 0, 100, 138, 139, 107, 0, 148, 118, 93, 128, 94]
[139, 116, 136, 134, 127, 124, 121, 113, 137, 139, 133, 128, 0, 0, 0, 0, 0, 0, 91, 118, 128, 116, 0, 101]
[132, 140, 95, 0, 107, 121, 134, 126, 105, 142, 101, 145, 0, 0, 0, 111, 122, 0, 112, 138, 138, 0, 0, 0]
[145, 143, 117, 95, 121, 102, 114, 94, 116, 0, 146, 138, 109, 132, 130, 134, 120, 130, 0, 0, 0, 0, 0, 102]
0
[147, 149, 107, 0, 141, 136, 124, 122, 0, 148, 145, 0, 139, 0, 147, 90, 136, 0, 133, 124, 105, 0, 120, 140]
[0, 123, 139, 145, 0, 99, 100, 0, 95, 136, 141, 112, 0, 0, 131, 0, 148, 97, 104, 0, 145, 140, 134, 135]
[92, 137, 124, 146, 112, 128, 109, 96, 147, 0, 96, 116, 126, 0, 108, 0, 0, 0, 0, 0, 0, 96, 92, 135]
0
[0, 122, 103, 120, 114, 126, 0, 0, 0, 128, 144, 111, 110, 126, 0, 98, 122, 140, 124, 95, 143, 93, 0, 118]
0
0
0
0
0
0
0
[101, 141, 135, 133, 96, 107, 102, 105, 101, 128, 117, 0, 126, 120, 116, 0, 0, 0, 0, 0, 0, 0, 0, 122]
[113, 90, 140, 113, 149, 111, 114, 126, 0, 108, 97, 0, 117, 0, 127, 0, 0, 118, 139, 111, 0, 0, 0, 0]
[136, 138, 108, 133, 134, 141, 134, 96, 101, 104, 99, 96, 144, 124, 129, 0, 120, 0, 0, 0, 115, 146, 133, 95]
[129, 108, 0, 100, 0, 147, 0, 0, 143, 115, 120, 91, 144, 96, 130, 0, 0, 128, 0, 117, 113, 140, 0, 102]
[0, 122, 131, 97, 114, 122, 0, 128, 104, 97, 113, 110, 99, 0, 101, 0, 0, 0, 98, 0, 94, 97, 147, 0]
[0, 114, 121, 141, 121, 102, 0, 103, 99, 95, 149, 90, 125, 122, 124, 0, 0, 0, 0, 0, 0, 112, 0, 149]
[122, 104, 124, 133, 108, 117, 137, 0, 0, 117, 115, 135, 0, 0, 0, 113, 90, 142, 94, 93, 132, 0, 130, 117]
[126, 0, 102, 108, 138, 138, 109, 130, 101, 106, 144, 115, 123, 0, 115, 0, 121, 100, 124, 147, 128, 0, 144, 134]
[110, 0, 0, 103, 0, 125, 0, 117, 122, 116, 0, 109, 0, 0, 0, 116, 100, 0, 149, 142, 117, 0, 104, 129]
[149, 104, 96, 103, 141, 94, 101, 0, 110, 144, 133, 127, 98, 0, 94, 0, 113, 119, 0, 0, 0, 141, 125, 112]
[120, 97, 111, 148, 135, 0, 120, 122, 0, 111, 94, 0, 148, 148, 0, 126, 128, 0, 140, 139, 127, 0, 97, 113]
[109, 125, 114, 120, 123, 0, 134, 109, 117, 141, 147, 134, 0, 0, 0, 0, 0, 0, 100, 124, 147, 118, 140, 0]
0
