0
[127, 0, 131, 136, 98, 129, 147, 0, 96, 133, 0, 104, 139, 126, 130, 0, 0, 0, 140, 145, 141, 120, 92, 114]
0
0
[0, 118, 95, 94, 90, 102, 0, 0, 0, 0, 0, 141, 109, 106, 0, 0, 0, 128, 149, 127, 112, 100, 0, 95]
0
0
0
[0, 0, 0, 136, 130, 109, 125, 98, 112, 140, 0, 132, 0, 0, 149, 0, 0, 0, 121, 141, 0, 123, 92, 130]
0
[98, 143, 139, 0, 102, 0, 92, 120, 121, 126, 0, 115, 92, 108, 113, 136, 92, 100, 105, 0, 0, 131, 98, 0]
[118, 138, 116, 100, 93, 115, 119, 131, 139, 149, 91, 124, 119, 139, 0, 0, 0, 0, 148, 0, 124, 117, 116, 143]
[125, 0, 124, 149, 107, 98, 109, 142, 0, 149, 119, 129, 0, 146, 119, 112, 111, 0, 116, 142, 122, 148, 129, 133]
[96, 0, 123, 142, 0, 103, 112, 0, 0, 121, 111, 138, 102, 135, 0, 0, 102, 136, 129, 146, 134, 96, 104, 116]
0
0
0
[0, 123, 136, 105, 137, 0, 0, 111, 110, 0, 111, 95, 0, 0, 0, 148, 144, 0, 108, 146, 148, 0, 143, 100]
0
[134, 114, 133, 126, 101, 0, 0, 110, 118, 95, 144, 132, 138, 95, 121, 114, 98, 94, 0, 0, 0, 0, 0, 0]
[137, 145, 102, 0, 0, 0, 0, 94, 0, 0, 0, 120, 131, 124, 0, 90, 125, 124, 0, 141, 146, 98, 140, 139]
0
[102, 98, 0, 0, 0, 0, 100, 0, 146, 126, 147, 0, 128, 119, 0, 0, 106, 121, 149, 125, 133, 96, 130, 0]
0
0
[133, 101, 102, 149, 103, 0, 123, 113, 110, 135, 129, 92, 0, 0, 0, 128, 117, 128, 0, 0, 0, 94, 95, 103]
[144, 0, 127, 0, 115, 146, 0, 127, 137, 100, 123, 106, 116, 0, 146, 0, 0, 127, 108, 140, 136, 148, 138, 92]
0
[97, 147, 148, 0, 0, 91, 130, 0, 0, 135, 92, 120, 105, 0, 0, 119, 138, 134, 108, 0, 97, 122, 0, 130]
[0, 0, 0, 0, 0, 0, 130, 107, 129, 105, 0, 109, 144, 0, 106, 137, 100, 95, 0, 0, 144, 91, 0, 113]
[142, 109, 0, 108, 107, 123, 111, 0, 112, 0, 139, 126, 0, 0, 0, 0, 0, 149, 99, 116, 128, 99, 111, 115]
0
[103, 116, 136, 135, 97, 132, 0, 0, 0, 0, 96, 128, 117, 123, 132, 112, 134, 0, 133, 120, 136, 112, 93, 0]
[0, 115, 136, 105, 118, 102, 100, 112, 94, 134, 0, 137, 127, 102, 0, 121, 114, 109, 146, 124, 135, 127, 113, 116]
[103, 102, 141, 114, 140, 0, 114, 0, 110, 128, 97, 112, 100, 0, 131, 139, 116, 141, 98, 142, 121, 0, 92, 125]
[99, 98, 122, 101, 142, 0, 100, 110, 119, 0, 102, 123, 0, 109, 124, 131, 121, 139, 91, 142, 126, 0, 147, 113]
0
[118, 128, 129, 0, 0, 100, 113, 0, 147, 94, 138, 106, 0, 0, 0, 108, 147, 97, 133, 144, 116, 0, 0, 0]
[0, 0, 0, 144, 100, 99, 0, 114, 136, 0, 0, 149, 96, 95, 98, 109, 91, 123, 0, 130, 123, 125, 101, 144]
0
0
[0, 0, 0, 0, 0, 0, 133, 91, 122, 104, 140, 101, 135, 0, 124, 116, 124, 0, 0, 0, 92, 106, 138, 91]
0
[140, 130, 116, 94, 0, 104, 0, 98, 142, 104, 106, 95, 0, 0, 129, 0, 106, 0, 0, 0, 0, 0, 90, 112]
[112, 0, 141, 136, 107, 97, 102, 106, 103, 0, 107, 0, 108, 114, 125, 141, 139, 108, 0, 100, 120, 122, 105, 143]
0
[133, 107, 134, 0, 0, 0, 130, 0, 134, 0, 116, 124, 133, 111, 124, 101, 104, 116, 104, 111, 110, 137, 105, 0]
[0, 121, 92, 125, 91, 101, 136, 132, 101, 96, 123, 137, 0, 146, 90, 134, 94, 131, 140, 129, 93, 141, 132, 0]
0
0
[104, 124, 104, 0, 101, 130, 127, 0, 97, 0, 0, 0, 0, 0, 0, 0, 90, 97, 141, 138, 132, 91, 106, 139]
[114, 145, 0, 0, 0, 0, 132, 133, 0, 99, 0, 137, 132, 0, 100, 123, 115, 113, 123, 144, 91, 0, 104, 0]
[98, 126, 126, 103, 142, 136, 134, 0, 128, 0, 0, 0, 91, 131, 0, 135, 135, 146, 131, 0, 142, 97, 95, 106]
[101, 125, 106, 92, 0, 95, 97, 0, 141, 141, 125, 125, 111, 131, 118, 0, 97, 134, 116, 130, 119, 0, 0, 0]
0
[120, 103, 0, 100, 130, 0, 0, 0, 0, 143, 100, 0, 0, 141, 124, 113, 92, 97, 123, 148, 104, 126, 90, 135]
0
0
0
0
0
[119, 144, 0, 0, 0, 0, 140, 0, 0, 0, 0, 135, 0, 0, 0, 0, 142, 97, 0, 116, 116, 97, 121, 107]
[0, 107, 97, 129, 111, 109, 0, 147, 99, 0, 121, 129, 95, 116, 137, 122, 118, 0, 119, 130, 131, 0, 0, 0]
0
