0
[107, 139, 123, 90, 101, 97, 129, 123, 0, 101, 118, 140, 135, 149, 114, 0, 0, 0, 102, 142, 135, 122, 128, 0]
[142, 126, 135, 142, 145, 123, 0, 0, 0, 96, 97, 144, 126, 140, 97, 0, 0, 0, 125, 124, 124, 98, 0, 98]
[0, 0, 0, 142, 102, 114, 0, 0, 0, 0, 0, 91, 101, 103, 100, 135, 147, 0, 140, 0, 0, 144, 112, 143]
[132, 107, 116, 0, 0, 112, 0, 0, 0, 0, 0, 101, 0, 112, 0, 94, 149, 0, 113, 149, 91, 0, 108, 110]
0
0
[128, 0, 0, 117, 0, 126, 118, 108, 109, 130, 140, 143, 112, 0, 0, 96, 122, 138, 129, 100, 96, 102, 0, 119]
0
[104, 0, 123, 0, 111, 124, 138, 0, 107, 135, 133, 110, 0, 0, 0, 143, 139, 142, 138, 95, 126, 90, 107, 142]
[0, 0, 127, 92, 116, 138, 106, 0, 111, 143, 0, 137, 92, 0, 91, 149, 139, 122, 107, 0, 134, 113, 0, 103]
0
[98, 137, 113, 146, 0, 118, 0, 0, 0, 130, 0, 110, 0, 0, 0, 0, 148, 0, 0, 143, 102, 0, 0, 0]
0
[118, 131, 111, 90, 131, 0, 142, 147, 125, 121, 0, 149, 106, 113, 0, 96, 147, 123, 121, 103, 0, 111, 135, 109]
[0, 0, 0, 118, 147, 102, 0, 123, 140, 0, 90, 112, 145, 100, 99, 101, 132, 113, 129, 95, 114, 110, 139, 142]
0
[0, 138, 127, 90, 117, 92, 0, 0, 0, 144, 91, 122, 100, 132, 110, 94, 138, 95, 0, 0, 0, 119, 96, 120]
[0, 124, 111, 122, 137, 101, 119, 106, 149, 121, 126, 143, 136, 115, 137, 115, 97, 129, 107, 92, 124, 0, 0, 0]
0
[0, 0, 0, 0, 0, 123, 0, 0, 0, 132, 139, 96, 120, 0, 133, 133, 115, 127, 124, 125, 102, 115, 124, 0]
[0, 105, 94, 134, 121, 0, 122, 112, 135, 104, 0, 0, 108, 146, 108, 139, 113, 0, 110, 92, 0, 109, 106, 101]
[0, 125, 138, 96, 147, 0, 124, 128, 92, 128, 119, 99, 106, 117, 111, 0, 0, 108, 149, 0, 135, 144, 138, 102]
[131, 116, 131, 0, 0, 0, 121, 115, 0, 102, 0, 90, 137, 101, 131, 0, 0, 0, 106, 0, 0, 111, 120, 130]
0
[0, 139, 139, 0, 0, 0, 133, 0, 96, 94, 109, 145, 0, 0, 0, 133, 0, 141, 140, 117, 0, 100, 146, 145]
[127, 127, 125, 97, 148, 141, 147, 140, 0, 134, 141, 115, 0, 0, 104, 117, 137, 0, 132, 113, 0, 0, 0, 0]
[0, 141, 129, 146, 140, 134, 0, 0, 0, 93, 0, 105, 133, 0, 149, 115, 131, 102, 137, 0, 103, 142, 0, 100]
[149, 135, 99, 125, 0, 0, 124, 121, 122, 109, 139, 113, 106, 147, 139, 123, 93, 0, 141, 0, 122, 97, 132, 115]
0
[0, 131, 133, 0, 0, 0, 149, 97, 140, 97, 0, 121, 90, 130, 120, 0, 127, 111, 144, 0, 127, 0, 0, 0]
[0, 105, 98, 145, 118, 103, 0, 0, 0, 0, 135, 99, 106, 0, 0, 0, 0, 0, 109, 116, 148, 0, 107, 0]
0
[0, 99, 108, 133, 111, 140, 130, 126, 95, 137, 145, 135, 0, 149, 125, 131, 131, 144, 133, 96, 132, 107, 90, 149]
[120, 132, 140, 143, 126, 119, 131, 90, 0, 0, 0, 0, 148, 125, 96, 90, 135, 96, 0, 0, 0, 0, 147, 0]
0
[133, 101, 0, 92, 99, 127, 109, 134, 143, 114, 92, 0, 0, 103, 140, 103, 138, 0, 142, 127, 123, 135, 137, 99]
0
[0, 0, 0, 120, 149, 91, 92, 143, 125, 130, 102, 107, 0, 107, 133, 0, 0, 0, 0, 136, 149, 0, 122, 0]
[144, 128, 97, 109, 138, 94, 98, 123, 110, 130, 146, 0, 133, 0, 99, 99, 103, 137, 0, 0, 0, 0, 143, 113]
0
[123, 0, 111, 137, 117, 121, 99, 100, 128, 99, 124, 101, 119, 121, 0, 104, 118, 117, 97, 134, 0, 139, 94, 111]
0
0
[91, 114, 122, 102, 123, 139, 134, 146, 147, 145, 0, 0, 142, 93, 127, 130, 108, 142, 126, 124, 136, 142, 113, 145]
[134, 105, 112, 0, 0, 0, 143, 147, 98, 98, 124, 134, 94, 115, 143, 0, 0, 0, 0, 0, 118, 108, 105, 109]
[0, 0, 149, 119, 145, 0, 135, 144, 0, 0, 111, 131, 90, 0, 127, 0, 0, 136, 132, 139, 120, 149, 140, 110]
[124, 149, 100, 106, 94, 0, 138, 132, 133, 92, 122, 0, 102, 120, 104, 0, 96, 129, 147, 0, 90, 146, 106, 101]
0
